seed = 987893950;
pop = 100;
Inactive_Cycles = 0;
Active_Cycles = 21;
Total_CPU_Time = 4.19071E+00;
Total_Transport_Time = 2.67101E-01;
Clock_Time = 3.56378E-01;
A3_1_A3_1 = reshape([ 5.72719E+00,2.91201E-01],2,1);
A3_2_A3_2 = reshape([ 1.32606E+00,6.13609E-01],2,1);
A3_3_A3_3 = reshape([ 9.72805E-02,1.00000E+00],2,1);
A3_4_A3_4 = reshape([ 1.34628E-01,1.00000E+00],2,1);
A3_5_A3_5 = reshape([ 0.00000E+00,0.00000E+00],2,1);
A3_6_A3_6 = reshape([ 0.00000E+00,0.00000E+00],2,1);
A3_7_A3_7 = reshape([ 2.92728E-01,1.00000E+00],2,1);
A3_8_A3_8 = reshape([ 0.00000E+00,0.00000E+00],2,1);
A3_9_A3_9 = reshape([ 0.00000E+00,0.00000E+00],2,1);
A3_10_A3_10 = reshape([ 0.00000E+00,0.00000E+00],2,1);
B3_1_B3_1 = reshape([ 0.00000E+00,0.00000E+00],2,1);
B3_2_B3_2 = reshape([ 0.00000E+00,0.00000E+00],2,1);
B3_3_B3_3 = reshape([ 0.00000E+00,0.00000E+00],2,1);
B3_4_B3_4 = reshape([ 0.00000E+00,0.00000E+00],2,1);
B3_5_B3_5 = reshape([ 0.00000E+00,0.00000E+00],2,1);
B3_6_B3_6 = reshape([ 0.00000E+00,0.00000E+00],2,1);
C3_1_C3_1 = reshape([ 0.00000E+00,0.00000E+00],2,1);
C3_2_C3_2 = reshape([ 0.00000E+00,0.00000E+00],2,1);
C3_3_C3_3 = reshape([ 0.00000E+00,0.00000E+00],2,1);
C3_4_C3_4 = reshape([ 0.00000E+00,0.00000E+00],2,1);
C3_5_C3_5 = reshape([ 0.00000E+00,0.00000E+00],2,1);
C3_6_C3_6 = reshape([ 0.00000E+00,0.00000E+00],2,1);
integral_sourceMat = reshape([ 5.02933E+03,1.40683E-02],2,1);

