seed = -1369706621;
pop = 10000;
Inactive_Cycles = 0;
Active_Cycles = 2100;
Total_CPU_Time = 1.59034E+04;
Total_Transport_Time = 1.62625E+03;
Clock_Time = 1.63507E+03;
A3_1_A3_1 = reshape([ 5.93156E+00,2.48769E-03],2,1);
A3_2_A3_2 = reshape([ 1.37570E+00,7.65053E-03],2,1);
A3_3_A3_3 = reshape([ 5.14121E-01,1.24489E-02],2,1);
A3_4_A3_4 = reshape([ 2.45873E-01,1.90948E-02],2,1);
A3_5_A3_5 = reshape([ 1.49215E-01,2.40309E-02],2,1);
A3_6_A3_6 = reshape([ 1.00746E-01,2.99171E-02],2,1);
A3_7_A3_7 = reshape([ 4.00622E-02,3.81396E-02],2,1);
A3_8_A3_8 = reshape([ 1.13642E-02,4.21707E-02],2,1);
A3_9_A3_9 = reshape([ 3.24802E-03,4.93031E-02],2,1);
A3_10_A3_10 = reshape([ 9.73566E-04,5.43976E-02],2,1);
B3_1_B3_1 = reshape([ 1.00746E-01,2.99171E-02],2,1);
B3_2_B3_2 = reshape([ 2.56099E-02,3.54106E-02],2,1);
B3_3_B3_3 = reshape([ 4.45471E-03,3.67278E-02],2,1);
B3_4_B3_4 = reshape([ 1.43934E-03,3.95215E-02],2,1);
B3_5_B3_5 = reshape([ 2.74557E-04,4.02340E-02],2,1);
B3_6_B3_6 = reshape([ 8.57634E-05,4.63372E-02],2,1);
C3_1_C3_1 = reshape([ 2.99699E-05,7.27029E-02],2,1);
C3_2_C3_2 = reshape([ 2.68738E-05,7.61240E-02],2,1);
C3_3_C3_3 = reshape([ 1.44361E-05,8.07807E-02],2,1);
C3_4_C3_4 = reshape([ 3.56104E-05,7.67752E-02],2,1);
C3_5_C3_5 = reshape([ 6.83493E-06,6.99378E-02],2,1);
C3_6_C3_6 = reshape([ 3.77232E-06,6.44426E-02],2,1);
integral_sourceMat = reshape([ 5.14570E+03,1.36438E-04],2,1);

