seed = 723815284;
pop = 10000;
Inactive_Cycles = 0;
Active_Cycles = 2100;
Total_CPU_Time = 1.61835E+04;
Total_Transport_Time = 1.83880E+03;
Clock_Time = 1.84967E+03;
A3_1_A3_1 = reshape([ 9.59536E+01,1.53487E-04],2,1);
A3_2_A3_2 = reshape([ 1.37297E+00,7.72840E-03],2,1);
A3_3_A3_3 = reshape([ 5.02070E-01,1.27583E-02],2,1);
A3_4_A3_4 = reshape([ 2.51561E-01,1.85335E-02],2,1);
A3_5_A3_5 = reshape([ 1.48443E-01,2.54938E-02],2,1);
A3_6_A3_6 = reshape([ 1.03733E-01,3.03092E-02],2,1);
A3_7_A3_7 = reshape([ 4.31941E-02,3.74747E-02],2,1);
A3_8_A3_8 = reshape([ 1.14825E-02,4.35719E-02],2,1);
A3_9_A3_9 = reshape([ 2.99500E-03,5.21084E-02],2,1);
A3_10_A3_10 = reshape([ 9.75849E-04,5.41677E-02],2,1);
B3_1_B3_1 = reshape([ 1.03733E-01,3.03092E-02],2,1);
B3_2_B3_2 = reshape([ 2.52208E-02,3.46783E-02],2,1);
B3_3_B3_3 = reshape([ 4.81571E-03,3.55969E-02],2,1);
B3_4_B3_4 = reshape([ 1.50552E-03,3.73127E-02],2,1);
B3_5_B3_5 = reshape([ 2.63524E-04,3.98482E-02],2,1);
B3_6_B3_6 = reshape([ 9.28337E-05,4.38061E-02],2,1);
C3_1_C3_1 = reshape([ 3.13024E-05,7.05647E-02],2,1);
C3_2_C3_2 = reshape([ 2.74488E-05,7.27203E-02],2,1);
C3_3_C3_3 = reshape([ 1.67134E-05,7.54522E-02],2,1);
C3_4_C3_4 = reshape([ 3.05454E-05,7.72477E-02],2,1);
C3_5_C3_5 = reshape([ 6.20417E-06,7.36916E-02],2,1);
C3_6_C3_6 = reshape([ 3.48648E-06,6.65909E-02],2,1);
integral_sourceMat = reshape([ 9.51312E+04,7.36943E-06],2,1);

