seed = -929571888;
pop = 10000;
Inactive_Cycles = 0;
Active_Cycles = 2100;
Total_CPU_Time = 4.01635E+03;
Total_Transport_Time = 4.28943E+02;
Clock_Time = 4.30047E+02;
A3_1_A3_1 = reshape([ 5.87269E+00,8.78031E-04],2,1);
A3_2_A3_2 = reshape([ 1.38634E+00,2.56859E-03],2,1);
A3_3_A3_3 = reshape([ 5.05043E-01,4.25666E-03],2,1);
A3_4_A3_4 = reshape([ 2.53593E-01,6.19039E-03],2,1);
A3_5_A3_5 = reshape([ 1.50228E-01,8.14383E-03],2,1);
A3_6_A3_6 = reshape([ 9.86661E-02,1.01920E-02],2,1);
A3_7_A3_7 = reshape([ 4.29764E-02,1.21693E-02],2,1);
A3_8_A3_8 = reshape([ 1.16941E-02,1.47257E-02],2,1);
A3_9_A3_9 = reshape([ 3.37630E-03,1.67292E-02],2,1);
A3_10_A3_10 = reshape([ 9.84450E-04,1.86113E-02],2,1);
B3_1_B3_1 = reshape([ 9.86661E-02,1.01920E-02],2,1);
B3_2_B3_2 = reshape([ 2.58571E-02,1.17757E-02],2,1);
B3_3_B3_3 = reshape([ 4.52194E-03,1.27683E-02],2,1);
B3_4_B3_4 = reshape([ 1.43328E-03,1.34170E-02],2,1);
B3_5_B3_5 = reshape([ 2.80195E-04,1.36832E-02],2,1);
B3_6_B3_6 = reshape([ 9.10009E-05,1.53068E-02],2,1);
C3_1_C3_1 = reshape([ 3.21444E-05,2.36861E-02],2,1);
C3_2_C3_2 = reshape([ 2.66050E-05,2.39365E-02],2,1);
C3_3_C3_3 = reshape([ 1.75456E-05,2.57479E-02],2,1);
C3_4_C3_4 = reshape([ 3.14067E-05,2.62945E-02],2,1);
C3_5_C3_5 = reshape([ 6.39927E-06,2.44722E-02],2,1);
C3_6_C3_6 = reshape([ 3.48625E-06,2.25940E-02],2,1);
integral_sourceMat = reshape([ 5.14663E+03,2.48171E-04],2,1);

