seed = -1369706621;
pop = 10000;
Inactive_Cycles = 0;
Active_Cycles = 2100;
Total_CPU_Time = 3.78010E+03;
Total_Transport_Time = 4.23864E+02;
Clock_Time = 4.24712E+02;
A3_1_A3_1 = reshape([ 5.89162E+00,8.60844E-04],2,1);
A3_2_A3_2 = reshape([ 1.37974E+00,2.60204E-03],2,1);
A3_3_A3_3 = reshape([ 5.02012E-01,4.30760E-03],2,1);
A3_4_A3_4 = reshape([ 2.49834E-01,6.35620E-03],2,1);
A3_5_A3_5 = reshape([ 1.48587E-01,8.15724E-03],2,1);
A3_6_A3_6 = reshape([ 9.92784E-02,9.97619E-03],2,1);
A3_7_A3_7 = reshape([ 4.25164E-02,1.24098E-02],2,1);
A3_8_A3_8 = reshape([ 1.16091E-02,1.45679E-02],2,1);
A3_9_A3_9 = reshape([ 3.30409E-03,1.67304E-02],2,1);
A3_10_A3_10 = reshape([ 9.52321E-04,1.88017E-02],2,1);
B3_1_B3_1 = reshape([ 9.92784E-02,9.97619E-03],2,1);
B3_2_B3_2 = reshape([ 2.54615E-02,1.21395E-02],2,1);
B3_3_B3_3 = reshape([ 4.61459E-03,1.24326E-02],2,1);
B3_4_B3_4 = reshape([ 1.41914E-03,1.30099E-02],2,1);
B3_5_B3_5 = reshape([ 2.76672E-04,1.37366E-02],2,1);
B3_6_B3_6 = reshape([ 9.06697E-05,1.49627E-02],2,1);
C3_1_C3_1 = reshape([ 3.34339E-05,2.26227E-02],2,1);
C3_2_C3_2 = reshape([ 2.65617E-05,2.39186E-02],2,1);
C3_3_C3_3 = reshape([ 1.68508E-05,2.54831E-02],2,1);
C3_4_C3_4 = reshape([ 3.20054E-05,2.65105E-02],2,1);
C3_5_C3_5 = reshape([ 6.55026E-06,2.43689E-02],2,1);
C3_6_C3_6 = reshape([ 3.44112E-06,2.23180E-02],2,1);
integral_sourceMat = reshape([ 5.14694E+03,2.46891E-04],2,1);

