seed = 1979023183;
pop = 10000;
Inactive_Cycles = 0;
Active_Cycles = 2100;
Total_CPU_Time = 7.37860E+03;
Total_Transport_Time = 9.22240E+02;
Clock_Time = 9.26161E+02;
A3_1_A3_1 = reshape([ 5.95892E+00,2.51524E-03],2,1);
A3_2_A3_2 = reshape([ 1.39430E+00,7.53077E-03],2,1);
A3_3_A3_3 = reshape([ 5.08579E-01,1.28725E-02],2,1);
A3_4_A3_4 = reshape([ 2.53227E-01,1.87910E-02],2,1);
A3_5_A3_5 = reshape([ 1.45072E-01,2.48238E-02],2,1);
A3_6_A3_6 = reshape([ 9.76537E-02,3.01955E-02],2,1);
A3_7_A3_7 = reshape([ 4.21665E-02,3.62550E-02],2,1);
A3_8_A3_8 = reshape([ 1.18293E-02,4.19219E-02],2,1);
A3_9_A3_9 = reshape([ 3.24690E-03,4.89718E-02],2,1);
A3_10_A3_10 = reshape([ 1.00276E-03,5.54954E-02],2,1);
B3_1_B3_1 = reshape([ 9.76537E-02,3.01955E-02],2,1);
B3_2_B3_2 = reshape([ 2.43425E-02,3.55157E-02],2,1);
B3_3_B3_3 = reshape([ 4.73057E-03,3.59686E-02],2,1);
B3_4_B3_4 = reshape([ 1.38763E-03,3.84223E-02],2,1);
B3_5_B3_5 = reshape([ 2.59214E-04,4.22039E-02],2,1);
B3_6_B3_6 = reshape([ 9.36270E-05,4.47008E-02],2,1);
C3_1_C3_1 = reshape([ 3.19562E-05,6.76387E-02],2,1);
C3_2_C3_2 = reshape([ 2.81078E-05,6.76379E-02],2,1);
C3_3_C3_3 = reshape([ 1.78381E-05,7.02320E-02],2,1);
C3_4_C3_4 = reshape([ 2.90154E-05,8.10101E-02],2,1);
C3_5_C3_5 = reshape([ 6.54999E-06,7.13033E-02],2,1);
C3_6_C3_6 = reshape([ 3.65708E-06,6.34848E-02],2,1);
integral_sourceMat = reshape([ 5.14816E+03,1.36469E-04],2,1);

