seed = -1347227866;
pop = 10000;
Inactive_Cycles = 0;
Active_Cycles = 2100;
Total_CPU_Time = 2.99474E+03;
Total_Transport_Time = 3.19886E+02;
Clock_Time = 3.20788E+02;
A3_1_A3_1 = reshape([ 5.88090E+00,8.77103E-04],2,1);
A3_2_A3_2 = reshape([ 1.37832E+00,2.54408E-03],2,1);
A3_3_A3_3 = reshape([ 4.99916E-01,4.38397E-03],2,1);
A3_4_A3_4 = reshape([ 2.51563E-01,6.19067E-03],2,1);
A3_5_A3_5 = reshape([ 1.52076E-01,8.29281E-03],2,1);
A3_6_A3_6 = reshape([ 9.93886E-02,1.02091E-02],2,1);
A3_7_A3_7 = reshape([ 4.23632E-02,1.23732E-02],2,1);
A3_8_A3_8 = reshape([ 1.14590E-02,1.45796E-02],2,1);
A3_9_A3_9 = reshape([ 3.27523E-03,1.62563E-02],2,1);
A3_10_A3_10 = reshape([ 9.58057E-04,1.80731E-02],2,1);
B3_1_B3_1 = reshape([ 9.93886E-02,1.02091E-02],2,1);
B3_2_B3_2 = reshape([ 2.55952E-02,1.18066E-02],2,1);
B3_3_B3_3 = reshape([ 4.60024E-03,1.22391E-02],2,1);
B3_4_B3_4 = reshape([ 1.47307E-03,1.29047E-02],2,1);
B3_5_B3_5 = reshape([ 2.82739E-04,1.38809E-02],2,1);
B3_6_B3_6 = reshape([ 9.25908E-05,1.47498E-02],2,1);
C3_1_C3_1 = reshape([ 3.30689E-05,2.25520E-02],2,1);
C3_2_C3_2 = reshape([ 2.69965E-05,2.40307E-02],2,1);
C3_3_C3_3 = reshape([ 1.66781E-05,2.52641E-02],2,1);
C3_4_C3_4 = reshape([ 3.23468E-05,2.46745E-02],2,1);
C3_5_C3_5 = reshape([ 6.46807E-06,2.49943E-02],2,1);
C3_6_C3_6 = reshape([ 3.29195E-06,2.33837E-02],2,1);
integral_sourceMat = reshape([ 5.14546E+03,2.48089E-04],2,1);

