seed = 2086355665;
pop = 10000;
Inactive_Cycles = 0;
Active_Cycles = 2100;
Total_CPU_Time = 8.77553E+03;
Total_Transport_Time = 1.06956E+03;
Clock_Time = 1.07516E+03;
A3_1_A3_1 = reshape([ 5.92652E+00,2.53426E-03],2,1);
A3_2_A3_2 = reshape([ 1.38408E+00,7.47897E-03],2,1);
A3_3_A3_3 = reshape([ 5.09373E-01,1.25084E-02],2,1);
A3_4_A3_4 = reshape([ 2.48250E-01,1.90505E-02],2,1);
A3_5_A3_5 = reshape([ 1.45258E-01,2.48003E-02],2,1);
A3_6_A3_6 = reshape([ 9.77026E-02,3.21071E-02],2,1);
A3_7_A3_7 = reshape([ 4.33626E-02,3.58683E-02],2,1);
A3_8_A3_8 = reshape([ 1.10699E-02,4.28298E-02],2,1);
A3_9_A3_9 = reshape([ 3.24124E-03,4.94653E-02],2,1);
A3_10_A3_10 = reshape([ 8.98739E-04,5.60314E-02],2,1);
B3_1_B3_1 = reshape([ 9.77026E-02,3.21071E-02],2,1);
B3_2_B3_2 = reshape([ 2.53292E-02,3.35865E-02],2,1);
B3_3_B3_3 = reshape([ 4.88065E-03,3.66104E-02],2,1);
B3_4_B3_4 = reshape([ 1.43801E-03,3.88389E-02],2,1);
B3_5_B3_5 = reshape([ 2.53481E-04,4.21597E-02],2,1);
B3_6_B3_6 = reshape([ 9.30724E-05,4.33033E-02],2,1);
C3_1_C3_1 = reshape([ 3.04303E-05,7.00715E-02],2,1);
C3_2_C3_2 = reshape([ 2.91866E-05,7.09694E-02],2,1);
C3_3_C3_3 = reshape([ 1.64501E-05,7.76048E-02],2,1);
C3_4_C3_4 = reshape([ 2.63581E-05,7.62311E-02],2,1);
C3_5_C3_5 = reshape([ 5.83617E-06,7.50331E-02],2,1);
C3_6_C3_6 = reshape([ 3.50384E-06,6.50140E-02],2,1);
integral_sourceMat = reshape([ 5.14986E+03,1.36269E-04],2,1);

