seed = 1280853539;
pop = 10000;
Inactive_Cycles = 0;
Active_Cycles = 2100;
Total_CPU_Time = 1.76635E+04;
Total_Transport_Time = 1.89376E+03;
Clock_Time = 1.90312E+03;
A3_1_A3_1 = reshape([ 5.96937E+00,2.40104E-03],2,1);
A3_2_A3_2 = reshape([ 1.36330E+00,7.53333E-03],2,1);
A3_3_A3_3 = reshape([ 4.96240E-01,1.24054E-02],2,1);
A3_4_A3_4 = reshape([ 2.50845E-01,1.82787E-02],2,1);
A3_5_A3_5 = reshape([ 1.57686E-01,2.35443E-02],2,1);
A3_6_A3_6 = reshape([ 1.00974E-01,3.07097E-02],2,1);
A3_7_A3_7 = reshape([ 4.36342E-02,3.66057E-02],2,1);
A3_8_A3_8 = reshape([ 1.15406E-02,4.34119E-02],2,1);
A3_9_A3_9 = reshape([ 3.31778E-03,4.89282E-02],2,1);
A3_10_A3_10 = reshape([ 9.50818E-04,5.57779E-02],2,1);
B3_1_B3_1 = reshape([ 1.00974E-01,3.07097E-02],2,1);
B3_2_B3_2 = reshape([ 2.41416E-02,3.63392E-02],2,1);
B3_3_B3_3 = reshape([ 4.59052E-03,3.64286E-02],2,1);
B3_4_B3_4 = reshape([ 1.41536E-03,3.83002E-02],2,1);
B3_5_B3_5 = reshape([ 2.93920E-04,3.90068E-02],2,1);
B3_6_B3_6 = reshape([ 8.77577E-05,4.54673E-02],2,1);
C3_1_C3_1 = reshape([ 3.29225E-05,6.87403E-02],2,1);
C3_2_C3_2 = reshape([ 2.74242E-05,6.93979E-02],2,1);
C3_3_C3_3 = reshape([ 1.74674E-05,7.44335E-02],2,1);
C3_4_C3_4 = reshape([ 3.56042E-05,7.74158E-02],2,1);
C3_5_C3_5 = reshape([ 6.26193E-06,7.14778E-02],2,1);
C3_6_C3_6 = reshape([ 3.23935E-06,6.84015E-02],2,1);
integral_sourceMat = reshape([ 5.14739E+03,1.36394E-04],2,1);

