seed = -2121487330;
pop = 1000;
Inactive_Cycles = 400;
Active_Cycles = 300;
Total_CPU_Time = 3.23168E+01;
Total_Transport_Time = 6.50409E+00;
Time_Per_Integration = 8.60371E-08;
Clock_Time = 6.64893E+00;
keff_keff = [ 9.99997E-01,1.96482E-07];
Adjoint_keff_Adjoint_keff = [ 9.99997E-01,1.93035E-07];
delta_keff_delta_keff = [ 0.00000E+00,0.00000E+00];
pert_keff_pert_keff = [ 9.99997E-01,9.99997E-01];
sensitivity_sensitivity = [ 0.00000E+00,0.00000E+00];

