seed = -895018583;
pop = 1000;
Inactive_Cycles = 400;
Active_Cycles = 300;
Total_CPU_Time = 3.69512E+01;
Total_Transport_Time = 6.87760E+00;
Time_Per_Integration = 9.09756E-08;
Clock_Time = 7.07332E+00;
keff_keff = [ 9.99997E-01,1.96482E-07];
Adjoint_keff_Adjoint_keff = [ 9.99997E-01,1.93035E-07];
delta_keff_delta_keff = [ -2.17707E-03,8.32746E-12];
pert_keff_pert_keff = [ 9.97820E-01,1.00217E+00];
sensitivity_sensitivity = [ -2.17708E-01,1.52134E-09];

