seed = 950853361;
pop = 8000;
Inactive_Cycles = 1200;
Active_Cycles = 2500;
Total_CPU_Time = 3.26927E+04;
Total_Transport_Time = 2.83947E+03;
Time_Per_Integration = 1.70072E-09;
Clock_Time = 3.30733E+03;
keff_keff = [ 1.01653E+00,8.66985E-05];
fissionRate_fissionRate = reshape([ 1.76342E-03,6.95578E-05,1.75828E-03,6.76980E-05,1.74118E-03,6.76359E-05,1.72126E-03,6.73745E-05,1.69444E-03,6.74495E-05,1.66050E-03,6.74380E-05,1.61449E-03,6.73631E-05,1.57334E-03,6.68405E-05,1.51564E-03,6.74327E-05,1.45605E-03,6.74147E-05,1.38908E-03,6.73735E-05,1.31491E-03,6.73521E-05,1.23686E-03,6.75452E-05,1.15437E-03,6.77770E-05,1.06626E-03,6.77755E-05,9.72643E-04,6.81502E-05,8.76741E-04,6.76351E-05,7.79902E-04,6.78982E-05,6.89540E-04,6.81104E-05,6.28516E-04,6.93868E-05,6.53002E-04,7.50330E-05,1.76102E-03,6.77469E-05,1.74806E-03,6.68482E-05,1.74028E-03,6.63942E-05,1.71066E-03,6.70303E-05,1.68572E-03,6.67862E-05,1.65481E-03,6.63125E-05,1.61143E-03,6.62942E-05,1.56353E-03,6.65130E-05,1.50792E-03,6.61339E-05,1.44884E-03,6.65305E-05,1.38217E-03,6.68568E-05,1.31194E-03,6.66835E-05,1.23048E-03,6.67018E-05,1.15008E-03,6.63774E-05,1.05987E-03,6.63379E-05,9.70242E-04,6.66858E-05,8.76021E-04,6.66208E-05,7.77206E-04,6.72215E-05,6.88001E-04,6.77442E-05,6.25067E-04,6.89565E-05,6.47822E-04,7.42168E-05,1.74372E-03,6.73608E-05,1.73539E-03,6.70597E-05,1.71790E-03,6.68731E-05,1.70370E-03,6.69194E-05,1.67724E-03,6.64698E-05,1.63932E-03,6.59702E-05,1.59688E-03,6.64601E-05,1.54997E-03,6.64120E-05,1.50019E-03,6.66014E-05,1.43613E-03,6.65892E-05,1.36994E-03,6.63180E-05,1.30160E-03,6.69057E-05,1.22074E-03,6.63269E-05,1.13842E-03,6.67257E-05,1.05303E-03,6.66498E-05,9.61272E-04,6.65051E-05,8.68132E-04,6.68578E-05,7.72258E-04,6.70633E-05,6.84362E-04,6.74155E-05,6.20451E-04,6.88893E-05,6.42087E-04,7.43070E-05,1.72227E-03,6.81318E-05,1.71387E-03,6.69617E-05,1.70235E-03,6.63747E-05,1.67934E-03,6.65712E-05,1.65513E-03,6.65227E-05,1.61909E-03,6.61860E-05,1.58237E-03,6.61673E-05,1.53703E-03,6.68314E-05,1.48063E-03,6.63687E-05,1.41937E-03,6.59503E-05,1.35349E-03,6.61174E-05,1.28340E-03,6.61672E-05,1.20712E-03,6.61021E-05,1.12699E-03,6.64297E-05,1.03904E-03,6.65686E-05,9.51541E-04,6.66064E-05,8.57723E-04,6.68120E-05,7.61198E-04,6.75530E-05,6.74197E-04,6.71548E-05,6.12149E-04,6.89809E-05,6.34938E-04,7.40586E-05,1.69392E-03,6.74809E-05,1.68744E-03,6.65244E-05,1.67069E-03,6.64465E-05,1.65348E-03,6.66212E-05,1.62526E-03,6.67234E-05,1.59537E-03,6.60348E-05,1.55104E-03,6.67425E-05,1.50725E-03,6.67254E-05,1.45499E-03,6.66219E-05,1.39696E-03,6.66754E-05,1.33214E-03,6.63826E-05,1.26199E-03,6.65596E-05,1.18614E-03,6.62561E-05,1.10703E-03,6.64758E-05,1.02146E-03,6.63198E-05,9.35796E-04,6.56787E-05,8.41704E-04,6.64960E-05,7.50304E-04,6.65533E-05,6.64172E-04,6.74480E-05,6.03839E-04,6.81780E-05,6.26232E-04,7.44018E-05,1.65579E-03,6.70267E-05,1.65383E-03,6.68838E-05,1.63800E-03,6.65039E-05,1.61862E-03,6.65398E-05,1.59385E-03,6.64000E-05,1.55936E-03,6.61695E-05,1.51851E-03,6.60362E-05,1.47741E-03,6.59239E-05,1.42235E-03,6.62891E-05,1.36812E-03,6.63420E-05,1.30200E-03,6.65841E-05,1.23321E-03,6.62936E-05,1.16103E-03,6.60597E-05,1.08329E-03,6.66511E-05,1.00086E-03,6.60473E-05,9.16090E-04,6.65971E-05,8.24295E-04,6.69351E-05,7.33936E-04,6.67946E-05,6.49753E-04,6.70651E-05,5.90176E-04,6.86459E-05,6.11287E-04,7.40407E-05,1.61736E-03,6.72267E-05,1.61253E-03,6.65468E-05,1.59982E-03,6.68334E-05,1.57737E-03,6.59917E-05,1.55234E-03,6.65581E-05,1.52120E-03,6.63038E-05,1.48319E-03,6.64739E-05,1.43594E-03,6.65573E-05,1.39114E-03,6.61673E-05,1.33024E-03,6.62877E-05,1.26990E-03,6.61280E-05,1.20239E-03,6.69993E-05,1.13379E-03,6.61372E-05,1.05468E-03,6.66408E-05,9.73246E-04,6.60158E-05,8.92335E-04,6.61986E-05,8.04057E-04,6.67711E-05,7.14831E-04,6.66714E-05,6.33593E-04,6.75235E-05,5.75344E-04,6.81192E-05,5.96483E-04,7.39452E-05,1.56840E-03,6.77164E-05,1.56690E-03,6.64325E-05,1.54981E-03,6.65870E-05,1.52874E-03,6.63053E-05,1.50571E-03,6.63413E-05,1.47438E-03,6.65834E-05,1.44054E-03,6.60922E-05,1.39608E-03,6.63559E-05,1.34275E-03,6.70974E-05,1.29376E-03,6.65638E-05,1.23170E-03,6.65698E-05,1.16873E-03,6.64107E-05,1.09714E-03,6.65628E-05,1.02357E-03,6.61605E-05,9.43383E-04,6.65053E-05,8.62982E-04,6.66478E-05,7.79561E-04,6.65597E-05,6.93936E-04,6.67967E-05,6.13822E-04,6.72623E-05,5.57710E-04,6.82943E-05,5.78492E-04,7.38137E-05,1.51354E-03,6.78270E-05,1.50897E-03,6.58644E-05,1.49389E-03,6.62507E-05,1.47709E-03,6.66174E-05,1.45073E-03,6.66705E-05,1.42225E-03,6.64042E-05,1.38469E-03,6.65704E-05,1.34465E-03,6.65834E-05,1.29741E-03,6.63367E-05,1.24715E-03,6.58075E-05,1.19134E-03,6.62368E-05,1.12657E-03,6.60648E-05,1.05794E-03,6.67509E-05,9.85507E-04,6.63818E-05,9.10409E-04,6.61669E-05,8.32523E-04,6.63910E-05,7.51900E-04,6.68118E-05,6.68541E-04,6.67715E-05,5.91692E-04,6.69103E-05,5.37999E-04,6.82583E-05,5.57598E-04,7.31404E-05,1.45501E-03,6.73104E-05,1.44638E-03,6.64755E-05,1.43223E-03,6.59108E-05,1.41491E-03,6.65130E-05,1.39459E-03,6.63313E-05,1.36444E-03,6.64611E-05,1.33037E-03,6.62496E-05,1.29308E-03,6.54893E-05,1.24441E-03,6.57745E-05,1.19543E-03,6.58763E-05,1.13728E-03,6.60757E-05,1.07751E-03,6.66819E-05,1.01393E-03,6.62354E-05,9.45992E-04,6.61110E-05,8.74298E-04,6.61617E-05,7.99478E-04,6.66628E-05,7.17847E-04,6.65529E-05,6.41420E-04,6.70494E-05,5.67352E-04,6.77208E-05,5.15290E-04,6.86974E-05,5.35750E-04,7.35650E-05,1.38557E-03,6.72850E-05,1.37880E-03,6.68255E-05,1.36896E-03,6.58571E-05,1.35057E-03,6.59169E-05,1.32750E-03,6.64609E-05,1.30248E-03,6.61980E-05,1.26862E-03,6.62831E-05,1.23236E-03,6.63949E-05,1.18794E-03,6.60690E-05,1.14058E-03,6.62990E-05,1.08948E-03,6.66288E-05,1.02715E-03,6.64465E-05,9.68149E-04,6.60381E-05,9.04195E-04,6.66423E-05,8.33631E-04,6.59803E-05,7.60085E-04,6.64967E-05,6.85334E-04,6.62219E-05,6.12217E-04,6.70511E-05,5.41961E-04,6.69557E-05,4.93359E-04,6.81904E-05,5.10227E-04,7.31629E-05,1.31149E-03,6.70292E-05,1.30642E-03,6.63719E-05,1.29622E-03,6.59710E-05,1.27949E-03,6.65154E-05,1.25832E-03,6.62353E-05,1.23309E-03,6.63528E-05,1.20135E-03,6.57065E-05,1.16468E-03,6.62318E-05,1.12521E-03,6.66309E-05,1.07826E-03,6.65793E-05,1.02802E-03,6.63931E-05,9.76941E-04,6.65992E-05,9.17724E-04,6.66174E-05,8.56650E-04,6.68954E-05,7.89445E-04,6.60582E-05,7.22400E-04,6.63811E-05,6.50128E-04,6.67359E-05,5.79285E-04,6.66530E-05,5.13288E-04,6.67588E-05,4.66340E-04,6.84708E-05,4.84817E-04,7.40725E-05,1.23146E-03,6.73336E-05,1.22860E-03,6.63845E-05,1.21738E-03,6.64554E-05,1.20370E-03,6.56803E-05,1.18416E-03,6.65067E-05,1.16070E-03,6.67790E-05,1.12726E-03,6.63112E-05,1.09814E-03,6.62927E-05,1.05688E-03,6.65170E-05,1.01584E-03,6.63135E-05,9.68530E-04,6.61272E-05,9.16618E-04,6.68513E-05,8.62919E-04,6.63208E-05,8.04665E-04,6.64971E-05,7.44061E-04,6.72663E-05,6.78664E-04,6.60521E-05,6.11974E-04,6.66941E-05,5.43693E-04,6.68321E-05,4.83100E-04,6.70770E-05,4.39365E-04,6.83636E-05,4.54833E-04,7.35332E-05,1.15284E-03,6.72608E-05,1.14789E-03,6.65879E-05,1.13571E-03,6.67603E-05,1.12288E-03,6.70328E-05,1.10213E-03,6.63859E-05,1.08238E-03,6.61175E-05,1.05381E-03,6.63552E-05,1.02322E-03,6.62625E-05,9.86617E-04,6.71530E-05,9.45363E-04,6.66167E-05,9.02861E-04,6.60895E-05,8.53278E-04,6.65597E-05,8.03870E-04,6.63819E-05,7.50745E-04,6.64904E-05,6.93184E-04,6.70268E-05,6.31583E-04,6.63054E-05,5.71517E-04,6.63701E-05,5.07159E-04,6.66921E-05,4.51221E-04,6.67350E-05,4.08853E-04,6.84336E-05,4.25090E-04,7.36054E-05,1.06104E-03,6.73063E-05,1.05761E-03,6.70583E-05,1.04682E-03,6.69247E-05,1.03724E-03,6.61912E-05,1.01953E-03,6.61644E-05,9.97608E-04,6.65207E-05,9.74604E-04,6.60697E-05,9.44357E-04,6.58519E-05,9.11933E-04,6.61407E-05,8.74079E-04,6.67476E-05,8.34191E-04,6.69211E-05,7.88221E-04,6.64176E-05,7.45959E-04,6.62971E-05,6.94444E-04,6.58266E-05,6.40202E-04,6.64960E-05,5.85100E-04,6.65263E-05,5.26748E-04,6.63940E-05,4.68584E-04,6.66986E-05,4.16084E-04,6.74049E-05,3.77534E-04,6.85763E-05,3.91684E-04,7.43208E-05,9.66823E-04,6.76423E-05,9.64403E-04,6.66106E-05,9.58645E-04,6.65451E-05,9.44973E-04,6.66529E-05,9.31621E-04,6.61282E-05,9.09605E-04,6.60830E-05,8.87715E-04,