seed = -1203633143;
pop = 8000;
Inactive_Cycles = 1200;
Active_Cycles = 2500;
Total_CPU_Time = 1.68719E+04;
Total_Transport_Time = 1.56560E+03;
Time_Per_Integration = 9.37642E-10;
Clock_Time = 1.69902E+03;
keff_keff = [ 1.02918E+00,8.71094E-05];
fissionRate_fissionRate = reshape([ 1.45542E-03,7.39835E-05,1.46229E-03,7.21319E-05,1.45623E-03,7.25112E-05,1.44326E-03,7.25342E-05,1.42343E-03,7.24255E-05,1.40078E-03,7.16360E-05,1.36868E-03,7.25203E-05,1.33178E-03,7.25742E-05,1.29015E-03,7.20834E-05,1.23752E-03,7.18615E-05,1.18586E-03,7.21826E-05,1.12698E-03,7.18259E-05,1.06538E-03,7.23179E-05,9.97246E-04,7.27860E-05,9.23839E-04,7.24246E-05,8.50067E-04,7.24602E-05,7.74824E-04,7.25931E-05,6.94996E-04,7.28152E-05,6.19205E-04,7.36000E-05,5.64567E-04,7.42459E-05,5.73683E-04,8.00979E-05,1.46318E-03,7.26689E-05,1.46825E-03,7.21326E-05,1.46356E-03,7.13305E-05,1.45074E-03,7.14785E-05,1.42883E-03,7.20507E-05,1.40691E-03,7.12734E-05,1.37478E-03,7.23257E-05,1.33720E-03,7.10961E-05,1.29269E-03,7.17136E-05,1.24526E-03,7.12947E-05,1.19194E-03,7.16475E-05,1.13329E-03,7.09159E-05,1.07096E-03,7.17019E-05,9.98410E-04,7.14905E-05,9.26697E-04,7.17142E-05,8.51302E-04,7.11142E-05,7.72355E-04,7.16517E-05,6.91579E-04,7.22957E-05,6.14389E-04,7.27439E-05,5.59544E-04,7.38010E-05,5.69552E-04,7.87351E-05,1.45736E-03,7.22293E-05,1.46799E-03,7.17437E-05,1.45887E-03,7.19353E-05,1.44614E-03,7.16698E-05,1.42296E-03,7.14006E-05,1.40028E-03,7.14237E-05,1.36973E-03,7.13259E-05,1.33407E-03,7.11222E-05,1.28791E-03,7.15847E-05,1.23976E-03,7.13351E-05,1.18682E-03,7.10851E-05,1.12732E-03,7.17511E-05,1.06302E-03,7.12228E-05,9.96128E-04,7.18247E-05,9.22824E-04,7.18223E-05,8.47626E-04,7.15704E-05,7.68025E-04,7.20378E-05,6.87492E-04,7.14164E-05,6.09470E-04,7.24639E-05,5.52147E-04,7.41331E-05,5.61189E-04,7.96283E-05,1.44501E-03,7.27213E-05,1.45109E-03,7.09360E-05,1.44578E-03,7.12525E-05,1.43500E-03,7.15011E-05,1.41812E-03,7.15084E-05,1.39077E-03,7.12306E-05,1.35699E-03,7.09510E-05,1.32262E-03,7.09571E-05,1.27997E-03,7.11670E-05,1.23046E-03,7.14688E-05,1.17593E-03,7.14279E-05,1.11732E-03,7.17158E-05,1.05160E-03,7.14520E-05,9.85764E-04,7.18491E-05,9.14683E-04,7.15287E-05,8.37601E-04,7.16788E-05,7.58792E-04,7.10728E-05,6.77725E-04,7.17289E-05,6.02392E-04,7.24551E-05,5.45680E-04,7.34917E-05,5.54421E-04,7.86699E-05,1.42599E-03,7.24215E-05,1.43018E-03,7.21786E-05,1.43188E-03,7.18763E-05,1.41376E-03,7.12754E-05,1.39501E-03,7.09882E-05,1.37229E-03,7.19640E-05,1.34059E-03,7.11405E-05,1.30312E-03,7.15146E-05,1.26008E-03,7.15222E-05,1.21480E-03,7.10019E-05,1.15970E-03,7.13556E-05,1.10303E-03,7.13842E-05,1.03956E-03,7.13613E-05,9.71240E-04,7.14106E-05,9.00505E-04,7.18245E-05,8.23502E-04,7.20305E-05,7.45742E-04,7.16707E-05,6.66718E-04,7.16843E-05,5.92550E-04,7.23921E-05,5.35967E-04,7.32950E-05,5.45412E-04,7.89899E-05,1.40117E-03,7.27807E-05,1.40559E-03,7.20725E-05,1.40387E-03,7.07859E-05,1.39120E-03,7.14017E-05,1.37222E-03,7.04645E-05,1.34832E-03,7.12433E-05,1.31356E-03,7.11619E-05,1.28089E-03,7.15959E-05,1.23875E-03,7.14464E-05,1.18946E-03,7.16366E-05,1.13930E-03,7.15662E-05,1.08040E-03,7.17601E-05,1.01833E-03,7.16698E-05,9.50571E-04,7.11399E-05,8.80486E-04,7.09788E-05,8.09168E-04,7.14801E-05,7.30446E-04,7.23498E-05,6.54383E-04,7.16266E-05,5.79192E-04,7.21830E-05,5.26629E-04,7.31795E-05,5.33652E-04,7.88513E-05,1.36778E-03,7.21113E-05,1.37443E-03,7.07140E-05,1.36920E-03,7.15322E-05,1.35830E-03,7.13196E-05,1.33699E-03,7.15421E-05,1.31421E-03,7.17037E-05,1.28290E-03,7.12885E-05,1.24981E-03,7.13432E-05,1.20734E-03,7.12053E-05,1.16010E-03,7.13471E-05,1.10987E-03,7.15766E-05,1.05617E-03,7.16820E-05,9.96344E-04,7.11883E-05,9.28849E-04,7.17950E-05,8.60813E-04,7.16549E-05,7.88014E-04,7.10735E-05,7.14382E-04,7.17693E-05,6.36507E-04,7.18760E-05,5.63818E-04,7.26362E-05,5.12996E-04,7.34571E-05,5.20442E-04,7.88835E-05,1.32948E-03,7.21866E-05,1.33454E-03,7.14046E-05,1.33179E-03,7.12031E-05,1.32110E-03,7.15817E-05,1.30530E-03,7.11699E-05,1.28214E-03,7.10930E-05,1.25195E-03,7.15951E-05,1.21433E-03,7.10217E-05,1.17557E-03,7.13503E-05,1.12814E-03,7.17940E-05,1.07958E-03,7.15399E-05,1.02580E-03,7.16499E-05,9.68360E-04,7.15148E-05,9.02375E-04,7.15202E-05,8.37604E-04,7.12225E-05,7.66846E-04,7.11228E-05,6.93778E-04,7.15083E-05,6.17977E-04,7.20049E-05,5.49795E-04,7.19726E-05,4.97494E-04,7.36970E-05,5.04325E-04,7.87135E-05,1.28821E-03,7.21397E-05,1.29100E-03,7.13070E-05,1.28621E-03,7.16506E-05,1.27953E-03,7.17660E-05,1.25840E-03,7.10251E-05,1.23685E-03,7.13250E-05,1.20854E-03,7.11782E-05,1.17542E-03,7.09287E-05,1.13379E-03,7.14423E-05,1.09216E-03,7.13122E-05,1.04481E-03,7.15066E-05,9.91894E-04,7.12732E-05,9.37989E-04,7.13302E-05,8.73400E-04,7.17451E-05,8.09456E-04,7.20251E-05,7.39256E-04,7.19523E-05,6.68460E-04,7.15897E-05,5.98132E-04,7.20283E-05,5.29655E-04,7.25631E-05,4.81663E-04,7.34014E-05,4.87739E-04,7.84429E-05,1.23651E-03,7.19982E-05,1.24307E-03,7.14853E-05,1.23986E-03,7.17925E-05,1.22935E-03,7.11189E-05,1.21143E-03,7.11663E-05,1.19152E-03,7.16124E-05,1.16234E-03,7.07984E-05,1.13049E-03,7.13917E-05,1.09234E-03,7.08767E-05,1.05010E-03,7.14236E-05,1.00556E-03,7.12997E-05,9.54260E-04,7.09304E-05,8.97113E-04,7.18017E-05,8.39383E-04,7.18368E-05,7.77638E-04,7.13957E-05,7.11958E-04,7.17112E-05,6.43242E-04,7.17145E-05,5.73807E-04,7.18864E-05,5.08559E-04,7.25764E-05,4.61580E-04,7.37107E-05,4.68510E-04,7.85134E-05,1.18596E-03,7.23551E-05,1.18923E-03,7.20976E-05,1.18363E-03,7.15619E-05,1.17521E-03,7.14140E-05,1.15600E-03,7.09262E-05,1.13546E-03,7.18694E-05,1.11210E-03,7.10834E-05,1.08189E-03,7.13311E-05,1.04390E-03,7.14812E-05,1.00264E-03,7.13423E-05,9.58729E-04,7.15908E-05,9.10739E-04,7.12553E-05,8.59940E-04,7.12882E-05,8.02434E-04,7.17418E-05,7.43266E-04,7.14520E-05,6.78654E-04,7.20388E-05,6.15444E-04,7.14761E-05,5.47575E-04,7.20864E-05,4.86302E-04,7.26540E-05,4.40746E-04,7.41829E-05,4.47881E-04,7.86955E-05,1.12658E-03,7.20671E-05,1.12712E-03,7.16156E-05,1.12501E-03,7.12171E-05,1.11562E-03,7.13248E-05,1.10179E-03,7.08830E-05,1.08188E-03,7.12419E-05,1.05338E-03,7.14821E-05,1.02254E-03,7.13989E-05,9.91360E-04,7.19125E-05,9.52817E-04,7.09043E-05,9.09465E-04,7.09104E-05,8.65445E-04,7.12016E-05,8.15365E-04,7.14862E-05,7.62139E-04,7.15898E-05,7.04593E-04,7.14956E-05,6.44179E-04,7.19000E-05,5.83736E-04,7.12617E-05,5.19788E-04,7.15401E-05,4.61193E-04,7.24064E-05,4.17406E-04,7.31172E-05,4.23783E-04,7.94709E-05,1.06402E-03,7.20489E-05,1.06524E-03,7.13111E-05,1.06304E-03,7.17435E-05,1.05061E-03,7.15863E-05,1.03583E-03,7.17681E-05,1.01620E-03,7.17532E-05,9.92718E-04,7.12802E-05,9.66809E-04,7.13610E-05,9.35204E-04,7.11475E-05,8.97404E-04,7.10803E-05,8.57661E-04,7.11043E-05,8.17009E-04,7.09088E-05,7.68327E-04,7.14537E-05,7.16823E-04,7.16150E-05,6.64138E-04,7.13991E-05,6.07732E-04,7.11706E-05,5.49524E-04,7.17616E-05,4.91279E-04,7.16016E-05,4.35781E-04,7.20276E-05,3.93578E-04,7.36725E-05,3.99173E-04,7.87959E-05,9.96038E-04,7.21652E-05,9.97960E-04,7.17297E-05,9.93909E-04,7.06509E-05,9.82144E-04,7.15641E-05,9.69869E-04,7.13958E-05,9.51721E-04,7.15061E-05,9.30456E-04,7.12788E-05,9.02783E-04,7.11431E-05,8.71876E-04,7.14776E-05,8.39778E-04,7.15073E-05,8.01456E-04,7.13757E-05,7.60560E-04,7.17109E-05,7.18323E-04,7.17691E-05,6.72055E-04,7.15959E-05,6.20732E-04,7.17825E-05,5.68218E-04,7.17578E-05,5.13382E-04,7.17909E-05,4.58705E-04,7.17211E-05,4.07047E-04,7.25572E-05,3.67625E-04,7.42131E-05,3.73351E-04,7.86976E-05,9.21443E-04,7.27849E-05,9.25676E-04,7.18563E-05,9.20832E-04,7.11267E-05,9.11776E-04,7.13252E-05,8.97712E-04,7.22963E-05,8.82258E-04,7.18323E-05,8.59981E-04,7.13501E-05,8.33936E-04,7.19892E-05,8.06892E-04,7.15258E-05,7.77907E-04,7.16494E-05,7.42057E-04,7.13327E-05,7.04698E-04,7.16433E-05,6.64500E-04,7.11631E-05,6.20072E-04,7.15235E-05,5.74592E-04,7.17729E-05,5.26423E-04,7.14401E-05,4.75269E-04,7.19505E-05,4.24583E-04,7.17732E-05,3.76303E-04,7.21333E-05,3.40982E-04,7.36964E-05,3.45347E-04,7.93793E-05,8.48496E-04,7.29624E-05,8.48158E-04,7.16090E-05,8.44966E-04,7.22197E-05,8.33286E-04,7.17782E-05,8.21818E-04,7.17536E-05,8.07288E-04,7.12158E-05,7.88379E-04,