seed = 2027061462;
pop = 8000;
Inactive_Cycles = 1200;
Active_Cycles = 2500;
Total_CPU_Time = 3.25771E+04;
Total_Transport_Time = 2.73124E+03;
Time_Per_Integration = 1.63574E-09;
Clock_Time = 3.18746E+03;
keff_keff = [ 1.01658E+00,8.68280E-05];
fissionRate_fissionRate = reshape([ 1.76726E-03,6.92703E-05,1.76022E-03,6.77187E-05,1.74225E-03,6.71725E-05,1.72452E-03,6.71870E-05,1.69575E-03,6.73158E-05,1.65815E-03,6.70287E-05,1.61642E-03,6.75001E-05,1.56788E-03,6.79200E-05,1.50863E-03,6.73400E-05,1.44872E-03,6.74962E-05,1.38572E-03,6.73368E-05,1.31168E-03,6.74195E-05,1.23380E-03,6.77992E-05,1.14805E-03,6.72336E-05,1.06163E-03,6.75362E-05,9.67491E-04,6.73194E-05,8.75055E-04,6.79490E-05,7.77592E-04,6.80454E-05,6.87880E-04,6.82585E-05,6.26547E-04,6.94000E-05,6.49292E-04,7.45335E-05,1.75737E-03,6.79193E-05,1.75124E-03,6.70864E-05,1.73837E-03,6.67238E-05,1.71592E-03,6.72294E-05,1.68728E-03,6.59598E-05,1.65033E-03,6.60072E-05,1.60934E-03,6.62764E-05,1.56049E-03,6.63017E-05,1.50519E-03,6.60893E-05,1.44373E-03,6.71617E-05,1.38032E-03,6.65496E-05,1.30412E-03,6.71448E-05,1.22743E-03,6.67148E-05,1.14702E-03,6.63360E-05,1.05606E-03,6.66951E-05,9.65246E-04,6.68558E-05,8.70553E-04,6.71732E-05,7.74950E-04,6.66561E-05,6.86500E-04,6.76961E-05,6.23148E-04,6.85252E-05,6.46479E-04,7.44269E-05,1.74257E-03,6.77904E-05,1.73256E-03,6.68704E-05,1.72235E-03,6.66493E-05,1.70260E-03,6.69426E-05,1.67184E-03,6.66113E-05,1.63579E-03,6.65914E-05,1.59545E-03,6.64202E-05,1.54581E-03,6.64049E-05,1.49392E-03,6.66224E-05,1.43519E-03,6.64515E-05,1.36674E-03,6.64641E-05,1.29694E-03,6.65792E-05,1.21826E-03,6.62987E-05,1.13533E-03,6.64820E-05,1.04794E-03,6.66891E-05,9.58674E-04,6.68829E-05,8.64154E-04,6.64972E-05,7.68521E-04,6.72238E-05,6.80738E-04,6.70107E-05,6.18668E-04,6.88877E-05,6.41521E-04,7.39557E-05,1.71537E-03,6.79130E-05,1.71382E-03,6.71111E-05,1.70058E-03,6.65061E-05,1.67803E-03,6.64243E-05,1.65326E-03,6.57904E-05,1.61854E-03,6.64145E-05,1.57731E-03,6.64913E-05,1.53057E-03,6.64663E-05,1.47426E-03,6.60017E-05,1.41594E-03,6.61675E-05,1.35084E-03,6.62269E-05,1.27890E-03,6.63101E-05,1.20445E-03,6.66703E-05,1.12461E-03,6.63046E-05,1.03915E-03,6.64371E-05,9.46606E-04,6.68013E-05,8.53815E-04,6.65884E-05,7.58273E-04,6.66147E-05,6.73126E-04,6.72856E-05,6.10809E-04,6.79725E-05,6.34714E-04,7.38463E-05,1.68851E-03,6.74986E-05,1.68350E-03,6.63630E-05,1.67053E-03,6.64314E-05,1.65359E-03,6.60625E-05,1.62611E-03,6.61660E-05,1.59246E-03,6.64050E-05,1.54945E-03,6.61923E-05,1.50474E-03,6.63961E-05,1.45251E-03,6.61015E-05,1.38941E-03,6.62514E-05,1.32965E-03,6.65749E-05,1.26123E-03,6.64596E-05,1.18441E-03,6.66553E-05,1.10293E-03,6.58595E-05,1.01918E-03,6.65132E-05,9.30423E-04,6.66525E-05,8.38989E-04,6.70349E-05,7.45157E-04,6.68630E-05,6.60816E-04,6.71800E-05,6.01258E-04,6.88244E-05,6.23517E-04,7.40055E-05,1.65491E-03,6.68594E-05,1.65138E-03,6.62624E-05,1.63564E-03,6.62596E-05,1.61939E-03,6.57597E-05,1.59184E-03,6.61452E-05,1.56033E-03,6.59958E-05,1.51665E-03,6.62484E-05,1.47331E-03,6.61292E-05,1.42276E-03,6.63538E-05,1.36479E-03,6.60842E-05,1.30044E-03,6.62223E-05,1.23073E-03,6.60628E-05,1.16194E-03,6.59823E-05,1.08064E-03,6.62856E-05,9.98321E-04,6.65613E-05,9.10889E-04,6.67026E-05,8.22461E-04,6.62466E-05,7.30915E-04,6.66025E-05,6.46607E-04,6.68739E-05,5.88677E-04,6.84831E-05,6.10497E-04,7.41133E-05,1.61777E-03,6.71856E-05,1.60982E-03,6.64975E-05,1.59719E-03,6.58115E-05,1.57913E-03,6.61516E-05,1.54972E-03,6.60769E-05,1.51959E-03,6.61761E-05,1.48209E-03,6.67386E-05,1.43624E-03,6.60486E-05,1.38427E-03,6.67138E-05,1.32987E-03,6.61071E-05,1.26575E-03,6.61959E-05,1.20134E-03,6.66182E-05,1.12937E-03,6.66763E-05,1.05252E-03,6.67244E-05,9.72797E-04,6.69265E-05,8.90051E-04,6.66335E-05,8.01759E-04,6.63941E-05,7.11702E-04,6.70339E-05,6.29689E-04,6.71824E-05,5.74452E-04,6.84093E-05,5.96113E-04,7.36744E-05,1.57155E-03,6.77988E-05,1.56173E-03,6.69956E-05,1.55002E-03,6.68279E-05,1.52725E-03,6.60210E-05,1.50471E-03,6.63404E-05,1.47543E-03,6.63525E-05,1.43746E-03,6.61743E-05,1.39619E-03,6.62909E-05,1.34684E-03,6.60412E-05,1.29327E-03,6.68792E-05,1.23072E-03,6.64172E-05,1.16422E-03,6.67449E-05,1.09573E-03,6.59595E-05,1.02360E-03,6.64547E-05,9.44151E-04,6.63489E-05,8.61272E-04,6.70667E-05,7.76727E-04,6.67249E-05,6.93130E-04,6.60100E-05,6.12131E-04,6.73116E-05,5.55997E-04,6.86643E-05,5.77865E-04,7.38301E-05,1.51333E-03,6.72779E-05,1.50791E-03,6.69951E-05,1.49421E-03,6.63738E-05,1.47594E-03,6.64775E-05,1.45057E-03,6.64102E-05,1.41954E-03,6.63385E-05,1.38649E-03,6.63511E-05,1.34468E-03,6.66156E-05,1.29903E-03,6.62590E-05,1.24328E-03,6.63679E-05,1.18696E-03,6.60978E-05,1.12444E-03,6.58020E-05,1.05789E-03,6.60197E-05,9.87480E-04,6.61695E-05,9.10311E-04,6.61458E-05,8.32754E-04,6.63980E-05,7.48879E-04,6.64548E-05,6.68041E-04,6.67161E-05,5.90097E-04,6.75645E-05,5.36859E-04,6.86238E-05,5.57413E-04,7.43397E-05,1.45201E-03,6.75368E-05,1.44419E-03,6.70380E-05,1.43386E-03,6.62978E-05,1.41581E-03,6.64466E-05,1.39367E-03,6.63732E-05,1.36542E-03,6.63587E-05,1.32914E-03,6.62165E-05,1.29069E-03,6.58658E-05,1.24365E-03,6.64614E-05,1.19250E-03,6.62193E-05,1.13952E-03,6.62196E-05,1.07849E-03,6.60796E-05,1.01679E-03,6.59628E-05,9.47768E-04,6.61690E-05,8.74603E-04,6.66309E-05,7.99477E-04,6.66869E-05,7.20056E-04,6.62890E-05,6.41312E-04,6.67968E-05,5.67178E-04,6.66401E-05,5.15313E-04,6.84636E-05,5.34195E-04,7.35729E-05,1.38433E-03,6.78015E-05,1.37678E-03,6.62082E-05,1.36846E-03,6.63155E-05,1.34966E-03,6.63937E-05,1.32645E-03,6.62497E-05,1.30310E-03,6.59702E-05,1.26843E-03,6.63897E-05,1.23072E-03,6.62063E-05,1.19047E-03,6.61175E-05,1.14078E-03,6.64576E-05,1.08857E-03,6.66044E-05,1.02938E-03,6.60873E-05,9.67794E-04,6.64317E-05,9.03735E-04,6.66077E-05,8.33546E-04,6.60742E-05,7.61167E-04,6.62650E-05,6.86403E-04,6.64514E-05,6.11023E-04,6.64484E-05,5.41120E-04,6.74268E-05,4.91595E-04,6.80561E-05,5.09813E-04,7.43742E-05,1.30978E-03,6.73507E-05,1.30238E-03,6.64559E-05,1.29357E-03,6.64205E-05,1.27708E-03,6.64565E-05,1.25524E-03,6.61800E-05,1.23247E-03,6.62525E-05,1.20324E-03,6.63889E-05,1.16630E-03,6.63938E-05,1.12686E-03,6.59155E-05,1.07832E-03,6.62501E-05,1.03046E-03,6.61472E-05,9.75581E-04,6.63227E-05,9.18371E-04,6.64343E-05,8.56961E-04,6.67935E-05,7.90383E-04,6.70649E-05,7.20891E-04,6.60958E-05,6.49796E-04,6.68892E-05,5.77667E-04,6.66574E-05,5.11823E-04,6.70569E-05,4.66389E-04,6.83092E-05,4.82705E-04,7.41768E-05,1.23493E-03,6.77513E-05,1.22714E-03,6.65337E-05,1.21848E-03,6.65356E-05,1.20372E-03,6.62435E-05,1.18166E-03,6.63016E-05,1.15778E-03,6.62062E-05,1.13111E-03,6.64210E-05,1.09761E-03,6.60389E-05,1.05732E-03,6.64413E-05,1.01570E-03,6.60453E-05,9.70058E-04,6.60204E-05,9.18309E-04,6.67640E-05,8.63717E-04,6.65444E-05,8.04445E-04,6.68749E-05,7.43613E-04,6.62077E-05,6.77734E-04,6.67502E-05,6.11235E-04,6.66995E-05,5.43926E-04,6.68275E-05,4.81931E-04,6.75386E-05,4.38453E-04,6.80342E-05,4.53421E-04,7.37749E-05,1.14932E-03,6.76725E-05,1.14528E-03,6.68910E-05,1.13634E-03,6.64357E-05,1.11951E-03,6.68843E-05,1.10173E-03,6.62926E-05,1.08176E-03,6.67907E-05,1.05579E-03,6.64207E-05,1.02216E-03,6.64375E-05,9.85285E-04,6.65957E-05,9.47410E-04,6.65003E-05,9.02793E-04,6.67295E-05,8.55304E-04,6.63785E-05,8.05251E-04,6.66482E-05,7.50870E-04,6.59502E-05,6.92887E-04,6.63404E-05,6.32657E-04,6.63136E-05,5.69601E-04,6.64896E-05,5.07532E-04,6.73235E-05,4.48610E-04,6.73035E-05,4.07523E-04,6.82234E-05,4.23308E-04,7.35592E-05,1.05984E-03,6.73966E-05,1.05811E-03,6.67484E-05,1.04864E-03,6.65232E-05,1.03498E-03,6.63065E-05,1.01731E-03,6.65952E-05,9.98936E-04,6.66298E-05,9.74008E-04,6.70242E-05,9.44972E-04,6.61635E-05,9.11489E-04,6.66108E-05,8.72377E-04,6.66511E-05,8.34341E-04,6.62507E-05,7.90008E-04,6.64449E-05,7.44543E-04,6.62302E-05,6.93794E-04,6.67048E-05,6.39704E-04,6.63771E-05,5.83802E-04,6.69585E-05,5.26787E-04,6.64494E-05,4.68603E-04,6.62511E-05,4.13898E-04,6.70325E-05,3.76461E-04,6.81163E-05,3.90958E-04,7.47231E-05,9.69805E-04,6.75886E-05,9.65428E-04,6.64791E-05,9.56737E-04,6.66459E-05,9.44681E-04,6.62711E-05,9.28650E-04,6.72866E-05,9.10700E-04,6.66841E-05,8.88317E-04,