seed = -1288695138;
pop = 8000;
Inactive_Cycles = 1200;
Active_Cycles = 2500;
Total_CPU_Time = 4.27185E+04;
Total_Transport_Time = 3.14789E+03;
Time_Per_Integration = 1.88544E-09;
Clock_Time = 4.23877E+03;
keff_keff = [ 1.01641E+00,8.75500E-05];
fissionRate_fissionRate = reshape([ 1.76822E-03,6.89020E-05,1.75945E-03,6.82076E-05,1.74456E-03,6.73935E-05,1.72308E-03,6.75814E-05,1.69388E-03,6.71360E-05,1.65477E-03,6.80317E-05,1.61675E-03,6.69000E-05,1.56769E-03,6.67456E-05,1.51407E-03,6.75224E-05,1.45080E-03,6.75246E-05,1.38556E-03,6.71590E-05,1.31364E-03,6.75382E-05,1.23751E-03,6.72974E-05,1.15038E-03,6.72812E-05,1.06297E-03,6.78882E-05,9.68057E-04,6.74717E-05,8.75753E-04,6.74635E-05,7.78162E-04,6.75467E-05,6.88954E-04,6.80951E-05,6.27471E-04,6.91345E-05,6.49329E-04,7.47373E-05,1.75977E-03,6.80238E-05,1.74938E-03,6.75185E-05,1.73557E-03,6.68704E-05,1.71330E-03,6.65038E-05,1.68744E-03,6.64451E-05,1.65124E-03,6.65216E-05,1.61232E-03,6.64963E-05,1.56088E-03,6.61937E-05,1.50437E-03,6.68894E-05,1.44606E-03,6.66236E-05,1.38012E-03,6.66484E-05,1.30745E-03,6.65823E-05,1.22797E-03,6.63463E-05,1.14622E-03,6.66599E-05,1.05530E-03,6.67016E-05,9.64336E-04,6.67739E-05,8.69241E-04,6.71014E-05,7.73958E-04,6.68842E-05,6.84144E-04,6.76974E-05,6.23413E-04,6.85703E-05,6.46758E-04,7.45875E-05,1.74394E-03,6.79427E-05,1.73801E-03,6.64629E-05,1.72288E-03,6.65424E-05,1.70211E-03,6.61560E-05,1.67366E-03,6.66080E-05,1.63468E-03,6.64940E-05,1.59466E-03,6.60319E-05,1.55175E-03,6.65114E-05,1.49402E-03,6.63752E-05,1.43299E-03,6.64448E-05,1.36787E-03,6.60478E-05,1.29426E-03,6.63858E-05,1.22122E-03,6.68096E-05,1.13698E-03,6.64430E-05,1.04918E-03,6.66876E-05,9.57787E-04,6.61481E-05,8.61777E-04,6.66003E-05,7.68330E-04,6.67548E-05,6.80585E-04,6.70203E-05,6.19769E-04,6.82432E-05,6.40704E-04,7.37662E-05,1.72280E-03,6.76204E-05,1.71568E-03,6.59677E-05,1.70176E-03,6.66181E-05,1.68258E-03,6.65076E-05,1.65579E-03,6.64152E-05,1.61971E-03,6.62497E-05,1.57579E-03,6.64748E-05,1.52635E-03,6.66319E-05,1.47550E-03,6.62091E-05,1.41854E-03,6.61708E-05,1.35174E-03,6.67071E-05,1.27839E-03,6.59294E-05,1.20341E-03,6.61178E-05,1.12481E-03,6.63402E-05,1.03419E-03,6.64193E-05,9.45033E-04,6.69021E-05,8.52993E-04,6.66383E-05,7.60673E-04,6.62761E-05,6.71993E-04,6.71524E-05,6.10462E-04,6.80471E-05,6.33489E-04,7.39495E-05,1.69397E-03,6.66690E-05,1.68648E-03,6.63962E-05,1.67298E-03,6.64816E-05,1.65288E-03,6.65291E-05,1.62436E-03,6.64133E-05,1.58762E-03,6.60373E-05,1.54997E-03,6.58620E-05,1.50508E-03,6.62968E-05,1.45015E-03,6.63710E-05,1.38994E-03,6.71092E-05,1.32974E-03,6.62186E-05,1.25922E-03,6.62369E-05,1.18485E-03,6.60583E-05,1.10262E-03,6.66748E-05,1.01826E-03,6.64614E-05,9.29212E-04,6.66432E-05,8.39057E-04,6.63902E-05,7.46517E-04,6.69195E-05,6.60790E-04,6.72500E-05,6.01498E-04,6.82897E-05,6.22631E-04,7.40662E-05,1.65603E-03,6.75770E-05,1.65204E-03,6.65197E-05,1.63537E-03,6.64434E-05,1.61651E-03,6.64342E-05,1.58864E-03,6.62386E-05,1.55492E-03,6.60187E-05,1.51626E-03,6.65401E-05,1.47285E-03,6.67100E-05,1.42193E-03,6.63236E-05,1.36394E-03,6.66429E-05,1.30176E-03,6.61539E-05,1.23339E-03,6.64394E-05,1.15948E-03,6.65213E-05,1.08149E-03,6.67557E-05,9.99036E-04,6.64880E-05,9.11118E-04,6.66565E-05,8.22242E-04,6.60849E-05,7.30300E-04,6.67564E-05,6.47950E-04,6.71632E-05,5.88530E-04,6.84657E-05,6.10272E-04,7.42926E-05,1.61646E-03,6.72038E-05,1.60787E-03,6.70503E-05,1.59224E-03,6.67756E-05,1.57716E-03,6.61841E-05,1.55354E-03,6.60605E-05,1.51666E-03,6.62298E-05,1.47744E-03,6.65322E-05,1.43681E-03,6.60318E-05,1.38559E-03,6.64403E-05,1.33106E-03,6.60257E-05,1.27003E-03,6.61424E-05,1.20244E-03,6.65865E-05,1.13078E-03,6.63134E-05,1.05213E-03,6.68554E-05,9.75029E-04,6.65971E-05,8.89306E-04,6.67697E-05,8.00673E-04,6.68663E-05,7.13146E-04,6.69712E-05,6.30983E-04,6.72195E-05,5.73212E-04,6.83528E-05,5.94125E-04,7.36993E-05,1.57354E-03,6.72804E-05,1.56085E-03,6.67680E-05,1.55065E-03,6.67176E-05,1.53221E-03,6.63947E-05,1.50446E-03,6.66960E-05,1.47434E-03,6.63154E-05,1.43456E-03,6.64401E-05,1.39149E-03,6.61326E-05,1.34173E-03,6.63802E-05,1.29241E-03,6.65595E-05,1.22797E-03,6.59845E-05,1.16613E-03,6.60607E-05,1.09672E-03,6.62604E-05,1.02298E-03,6.64392E-05,9.42474E-04,6.65004E-05,8.60031E-04,6.64336E-05,7.76437E-04,6.65326E-05,6.91783E-04,6.63642E-05,6.11914E-04,6.66532E-05,5.56183E-04,6.86821E-05,5.78516E-04,7.37475E-05,1.51317E-03,6.76381E-05,1.51088E-03,6.69167E-05,1.49538E-03,6.68747E-05,1.47515E-03,6.63619E-05,1.45144E-03,6.63809E-05,1.41907E-03,6.66079E-05,1.38356E-03,6.66441E-05,1.34202E-03,6.61789E-05,1.29495E-03,6.67162E-05,1.24380E-03,6.63368E-05,1.18499E-03,6.58886E-05,1.12601E-03,6.60461E-05,1.05802E-03,6.67347E-05,9.86790E-04,6.68031E-05,9.09604E-04,6.67503E-05,8.32430E-04,6.64617E-05,7.49652E-04,6.62518E-05,6.67458E-04,6.68075E-05,5.89862E-04,6.75372E-05,5.36567E-04,6.81993E-05,5.56529E-04,7.40063E-05,1.45150E-03,6.75550E-05,1.45009E-03,6.63894E-05,1.43388E-03,6.62928E-05,1.41367E-03,6.68635E-05,1.39298E-03,6.64011E-05,1.36533E-03,6.65760E-05,1.32848E-03,6.69214E-05,1.29032E-03,6.57835E-05,1.24290E-03,6.60017E-05,1.19324E-03,6.60291E-05,1.13823E-03,6.62006E-05,1.08010E-03,6.63467E-05,1.01539E-03,6.55486E-05,9.45816E-04,6.66379E-05,8.76014E-04,6.62212E-05,7.97770E-04,6.65631E-05,7.19742E-04,6.66391E-05,6.39238E-04,6.60412E-05,5.65473E-04,6.67866E-05,5.15497E-04,6.84617E-05,5.34059E-04,7.34580E-05,1.38327E-03,6.75950E-05,1.37842E-03,6.68874E-05,1.37154E-03,6.66266E-05,1.35199E-03,6.58760E-05,1.33011E-03,6.63114E-05,1.30218E-03,6.63600E-05,1.26910E-03,6.61081E-05,1.22907E-03,6.64791E-05,1.18834E-03,6.62661E-05,1.13815E-03,6.62589E-05,1.08555E-03,6.63014E-05,1.02884E-03,6.67328E-05,9.66585E-04,6.68134E-05,9.02759E-04,6.61169E-05,8.31894E-04,6.66819E-05,7.61588E-04,6.64236E-05,6.86046E-04,6.61437E-05,6.10556E-04,6.67525E-05,5.40049E-04,6.75695E-05,4.90900E-04,6.83341E-05,5.09739E-04,7.35145E-05,1.31128E-03,6.74832E-05,1.30567E-03,6.65013E-05,1.29812E-03,6.62881E-05,1.28247E-03,6.62472E-05,1.25847E-03,6.68891E-05,1.23653E-03,6.66833E-05,1.20223E-03,6.60301E-05,1.16590E-03,6.66152E-05,1.12402E-03,6.65380E-05,1.08242E-03,6.63820E-05,1.03053E-03,6.65683E-05,9.74825E-04,6.63102E-05,9.16872E-04,6.62430E-05,8.53960E-04,6.61932E-05,7.90590E-04,6.62583E-05,7.21364E-04,6.63212E-05,6.49457E-04,6.64273E-05,5.77741E-04,6.68094E-05,5.11781E-04,6.72223E-05,4.65705E-04,6.86115E-05,4.82343E-04,7.33970E-05,1.23134E-03,6.74350E-05,1.22660E-03,6.71261E-05,1.21850E-03,6.65152E-05,1.20403E-03,6.63038E-05,1.18387E-03,6.64008E-05,1.15778E-03,6.63636E-05,1.13124E-03,6.65584E-05,1.09621E-03,6.67064E-05,1.05662E-03,6.64795E-05,1.01597E-03,6.62307E-05,9.69634E-04,6.62385E-05,9.19394E-04,6.64687E-05,8.63084E-04,6.65779E-05,8.04035E-04,6.61353E-05,7.42451E-04,6.67549E-05,6.77455E-04,6.64891E-05,6.10623E-04,6.63947E-05,5.44559E-04,6.66505E-05,4.81758E-04,6.68669E-05,4.38194E-04,6.87270E-05,4.53672E-04,7.34865E-05,1.14976E-03,6.75233E-05,1.14450E-03,6.58152E-05,1.13527E-03,6.62846E-05,1.12285E-03,6.62807E-05,1.10345E-03,6.65141E-05,1.08138E-03,6.63880E-05,1.05190E-03,6.58203E-05,1.02246E-03,6.62046E-05,9.85992E-04,6.61530E-05,9.46025E-04,6.65555E-05,8.99498E-04,6.66053E-05,8.55144E-04,6.67044E-05,8.05376E-04,6.62793E-05,7.50126E-04,6.65494E-05,6.91662E-04,6.65231E-05,6.32259E-04,6.64214E-05,5.70885E-04,6.64202E-05,5.07012E-04,6.67316E-05,4.49700E-04,6.72011E-05,4.08202E-04,6.78441E-05,4.23640E-04,7.39793E-05,1.06102E-03,6.73554E-05,1.05726E-03,6.66596E-05,1.04845E-03,6.68945E-05,1.03520E-03,6.64766E-05,1.01859E-03,6.67003E-05,9.99472E-04,6.61415E-05,9.73144E-04,6.60669E-05,9.43256E-04,6.69486E-05,9.11413E-04,6.64365E-05,8.75107E-04,6.62977E-05,8.33047E-04,6.63819E-05,7.90409E-04,6.63849E-05,7.44008E-04,6.64057E-05,6.94318E-04,6.63335E-05,6.38822E-04,6.68002E-05,5.83999E-04,6.67951E-05,5.25941E-04,6.63135E-05,4.69090E-04,6.70286E-05,4.15570E-04,6.69968E-05,3.77690E-04,6.83457E-05,3.91762E-04,7.44610E-05,9.69613E-04,6.82838E-05,9.63738E-04,6.66128E-05,9.57090E-04,6.67905E-05,9.46150E-04,6.64141E-05,9.30268E-04,6.61952E-05,9.11679E-04,6.59593E-05,8.88063E-04,