seed = -424034558;
pop = 8000;
Inactive_Cycles = 2000;
Active_Cycles = 2500;
Total_CPU_Time = 2.35159E+04;
Total_Transport_Time = 2.25292E+03;
Time_Per_Integration = 1.03734E-09;
Clock_Time = 2.47129E+03;
keff_keff = [ 1.02048E+00,8.07664E-05];
fissionRate_fissionRate = reshape([ 1.77178E-03,7.26295E-05,1.76354E-03,7.18732E-05,1.75225E-03,7.15777E-05,1.73286E-03,7.09602E-05,1.69951E-03,7.14196E-05,1.66643E-03,7.14474E-05,1.62336E-03,7.13689E-05,1.57386E-03,7.07663E-05,1.52012E-03,7.11402E-05,1.46011E-03,7.11720E-05,1.38911E-03,7.18811E-05,1.31732E-03,7.13913E-05,1.23965E-03,7.10728E-05,1.15567E-03,7.14085E-05,1.06853E-03,7.09384E-05,9.71428E-04,7.17419E-05,8.77958E-04,7.13935E-05,7.81069E-04,7.12421E-05,6.91021E-04,7.20569E-05,6.22584E-04,7.32102E-05,6.39922E-04,7.96013E-05,1.76425E-03,7.17527E-05,1.75710E-03,7.03283E-05,1.74461E-03,7.06379E-05,1.72280E-03,7.01894E-05,1.69708E-03,7.01177E-05,1.65871E-03,7.03074E-05,1.61660E-03,7.05341E-05,1.57015E-03,7.01774E-05,1.50945E-03,7.03789E-05,1.45274E-03,7.05966E-05,1.38255E-03,7.05032E-05,1.31344E-03,7.05407E-05,1.23197E-03,7.02498E-05,1.15368E-03,7.00670E-05,1.06244E-03,7.05283E-05,9.70190E-04,7.07528E-05,8.73029E-04,7.07793E-05,7.78229E-04,7.08159E-05,6.87185E-04,7.14994E-05,6.22158E-04,7.29073E-05,6.38874E-04,7.85879E-05,1.74960E-03,7.13273E-05,1.74410E-03,7.03169E-05,1.73103E-03,7.05182E-05,1.70914E-03,7.02356E-05,1.68222E-03,7.03423E-05,1.64514E-03,6.95338E-05,1.60381E-03,6.99008E-05,1.55584E-03,7.00595E-05,1.50221E-03,7.00727E-05,1.43967E-03,7.02777E-05,1.37323E-03,7.01278E-05,1.30155E-03,6.99171E-05,1.22309E-03,6.99501E-05,1.14141E-03,6.98178E-05,1.05499E-03,6.99415E-05,9.61321E-04,7.09955E-05,8.66077E-04,7.08804E-05,7.71708E-04,7.10366E-05,6.82055E-04,7.11095E-05,6.17059E-04,7.24988E-05,6.34029E-04,7.82229E-05,1.72984E-03,7.13498E-05,1.71868E-03,7.06844E-05,1.70864E-03,6.99628E-05,1.68716E-03,7.05200E-05,1.65998E-03,7.02889E-05,1.62452E-03,7.00679E-05,1.58193E-03,7.01491E-05,1.53517E-03,7.03271E-05,1.48432E-03,7.01366E-05,1.42384E-03,7.02922E-05,1.35573E-03,7.01614E-05,1.28459E-03,6.98886E-05,1.21324E-03,7.00815E-05,1.12766E-03,7.08971E-05,1.04144E-03,7.05412E-05,9.49282E-04,7.01421E-05,8.57876E-04,7.00753E-05,7.63720E-04,7.06037E-05,6.74083E-04,7.14889E-05,6.09206E-04,7.22696E-05,6.25896E-04,7.80280E-05,1.69927E-03,7.12924E-05,1.69250E-03,7.00984E-05,1.68089E-03,7.01527E-05,1.66037E-03,7.04254E-05,1.63301E-03,7.06118E-05,1.59571E-03,7.05647E-05,1.55673E-03,7.09374E-05,1.51083E-03,7.07441E-05,1.45888E-03,7.04915E-05,1.39767E-03,7.07378E-05,1.33380E-03,7.04873E-05,1.26561E-03,7.02170E-05,1.19050E-03,7.03529E-05,1.11076E-03,7.02040E-05,1.02471E-03,7.07171E-05,9.36023E-04,7.03917E-05,8.43487E-04,7.03162E-05,7.51030E-04,7.06854E-05,6.62478E-04,7.12261E-05,5.99268E-04,7.24307E-05,6.15882E-04,7.77776E-05,1.66414E-03,7.11613E-05,1.65863E-03,7.04508E-05,1.64601E-03,7.03570E-05,1.62517E-03,6.99652E-05,1.59861E-03,7.06859E-05,1.56691E-03,7.03753E-05,1.52697E-03,7.08174E-05,1.47909E-03,7.00194E-05,1.42690E-03,7.02770E-05,1.36917E-03,7.04163E-05,1.30713E-03,7.00535E-05,1.23783E-03,7.03015E-05,1.16585E-03,7.02041E-05,1.08660E-03,7.01797E-05,1.00225E-03,6.98858E-05,9.15168E-04,7.06891E-05,8.25524E-04,7.12102E-05,7.36263E-04,7.00447E-05,6.50435E-04,7.14651E-05,5.87917E-04,7.21102E-05,6.04276E-04,7.81520E-05,1.62298E-03,7.11472E-05,1.61805E-03,7.05852E-05,1.60192E-03,7.05452E-05,1.58616E-03,7.00638E-05,1.55741E-03,7.04382E-05,1.52592E-03,7.02152E-05,1.48479E-03,7.03961E-05,1.44101E-03,6.99071E-05,1.39117E-03,7.03291E-05,1.33672E-03,7.01019E-05,1.27371E-03,7.00621E-05,1.20743E-03,7.00342E-05,1.13517E-03,7.02098E-05,1.06058E-03,7.06327E-05,9.77003E-04,7.02360E-05,8.92940E-04,7.06353E-05,8.05037E-04,7.01817E-05,7.16787E-04,7.03707E-05,6.33791E-04,7.09208E-05,5.73267E-04,7.18460E-05,5.89991E-04,7.77513E-05,1.57683E-03,7.13109E-05,1.57006E-03,7.02898E-05,1.55597E-03,6.94603E-05,1.53843E-03,6.99889E-05,1.51197E-03,7.01967E-05,1.47861E-03,7.04508E-05,1.44164E-03,7.03089E-05,1.39948E-03,6.97692E-05,1.35020E-03,7.03537E-05,1.29511E-03,7.02362E-05,1.23661E-03,7.00582E-05,1.17277E-03,6.96984E-05,1.10046E-03,6.97957E-05,1.02955E-03,7.02557E-05,9.49760E-04,7.02331E-05,8.66274E-04,7.06473E-05,7.80422E-04,7.06813E-05,6.97631E-04,7.03287E-05,6.15416E-04,7.07707E-05,5.57732E-04,7.23562E-05,5.72175E-04,7.73951E-05,1.52050E-03,7.14643E-05,1.51272E-03,7.09281E-05,1.50357E-03,7.00481E-05,1.48341E-03,7.00766E-05,1.45794E-03,7.02371E-05,1.42723E-03,6.99766E-05,1.39487E-03,6.98774E-05,1.34997E-03,6.99275E-05,1.30379E-03,7.00461E-05,1.25165E-03,7.00880E-05,1.19320E-03,7.03778E-05,1.12965E-03,7.01296E-05,1.06387E-03,6.98169E-05,9.92257E-04,7.02447E-05,9.17169E-04,7.02986E-05,8.36098E-04,7.02381E-05,7.55038E-04,7.03053E-05,6.72055E-04,7.04953E-05,5.93441E-04,7.12210E-05,5.37297E-04,7.19784E-05,5.50352E-04,7.78498E-05,1.45930E-03,7.08467E-05,1.45414E-03,6.98362E-05,1.44098E-03,7.02348E-05,1.42490E-03,6.99192E-05,1.40104E-03,6.92327E-05,1.36848E-03,7.04967E-05,1.33444E-03,7.05692E-05,1.29869E-03,6.97054E-05,1.25277E-03,7.03083E-05,1.20107E-03,7.01616E-05,1.14475E-03,6.98688E-05,1.08608E-03,7.01407E-05,1.02033E-03,7.04763E-05,9.52106E-04,7.04823E-05,8.79617E-04,7.09715E-05,8.02340E-04,6.99620E-05,7.25953E-04,7.06482E-05,6.44169E-04,7.05850E-05,5.70501E-04,7.09758E-05,5.15323E-04,7.23112E-05,5.30587E-04,7.78836E-05,1.39213E-03,7.06828E-05,1.38724E-03,7.04741E-05,1.37519E-03,7.06910E-05,1.35678E-03,7.01240E-05,1.33270E-03,6.98299E-05,1.30808E-03,7.01660E-05,1.27460E-03,7.01384E-05,1.23699E-03,6.97791E-05,1.19525E-03,6.97472E-05,1.14522E-03,7.00119E-05,1.09479E-03,7.00976E-05,1.03410E-03,7.01892E-05,9.73894E-04,7.05652E-05,9.08119E-04,7.04239E-05,8.40518E-04,7.03401E-05,7.64751E-04,7.00959E-05,6.90509E-04,7.01931E-05,6.16299E-04,7.08126E-05,5.44862E-04,7.09928E-05,4.91934E-04,7.23548E-05,5.05961E-04,7.79895E-05,1.32186E-03,7.09788E-05,1.31654E-03,7.02338E-05,1.30456E-03,7.06165E-05,1.28761E-03,7.01855E-05,1.26402E-03,7.02286E-05,1.23886E-03,7.01190E-05,1.20817E-03,7.08198E-05,1.17256E-03,7.03862E-05,1.13141E-03,7.00541E-05,1.08642E-03,6.97442E-05,1.03627E-03,7.01114E-05,9.80362E-04,7.00215E-05,9.21779E-04,7.04449E-05,8.61182E-04,7.04695E-05,7.94984E-04,7.03736E-05,7.25637E-04,7.07755E-05,6.54579E-04,7.07334E-05,5.83170E-04,7.05975E-05,5.16356E-04,7.08972E-05,4.65845E-04,7.22508E-05,4.77857E-04,7.76422E-05,1.24232E-03,7.15520E-05,1.23820E-03,7.04228E-05,1.22588E-03,7.01390E-05,1.21028E-03,6.98951E-05,1.19150E-03,6.98672E-05,1.16704E-03,6.98557E-05,1.13675E-03,7.03859E-05,1.10243E-03,7.07772E-05,1.06476E-03,7.02053E-05,1.02060E-03,6.99990E-05,9.73691E-04,6.99597E-05,9.22267E-04,6.98708E-05,8.68867E-04,7.00593E-05,8.09365E-04,7.03342E-05,7.48805E-04,7.06711E-05,6.83243E-04,7.03118E-05,6.15439E-04,7.05782E-05,5.48477E-04,7.06390E-05,4.84122E-04,7.09464E-05,4.39182E-04,7.23702E-05,4.50369E-04,7.80150E-05,1.15768E-03,7.11813E-05,1.15478E-03,7.06223E-05,1.14262E-03,6.98954E-05,1.12965E-03,7.06091E-05,1.11102E-03,6.99517E-05,1.08929E-03,6.99849E-05,1.05989E-03,6.98213E-05,1.02790E-03,7.03019E-05,9.92666E-04,7.02894E-05,9.52500E-04,7.03858E-05,9.08378E-04,6.99265E-05,8.60253E-04,7.01125E-05,8.09028E-04,7.02590E-05,7.55052E-04,7.01220E-05,6.95807E-04,7.02102E-05,6.37512E-04,7.05545E-05,5.73986E-04,7.00715E-05,5.10193E-04,7.14170E-05,4.51830E-04,7.11537E-05,4.08062E-04,7.22909E-05,4.19681E-04,7.83998E-05,1.06924E-03,7.15821E-05,1.06531E-03,7.08542E-05,1.05611E-03,7.01255E-05,1.04301E-03,7.01979E-05,1.02654E-03,7.00997E-05,1.00680E-03,7.07603E-05,9.79932E-04,7.02922E-05,9.51155E-04,7.06396E-05,9.17486E-04,7.03475E-05,8.79415E-04,7.03180E-05,8.38326E-04,7.00636E-05,7.94747E-04,7.06209E-05,7.46505E-04,7.05350E-05,6.96727E-04,7.06905E-05,6.43768E-04,7.07245E-05,5.87263E-04,7.05554E-05,5.30718E-04,7.07674E-05,4.71991E-04,7.10894E-05,4.16862E-04,7.13708E-05,3.77066E-04,7.31011E-05,3.87732E-04,7.79129E-05,9.75968E-04,7.13186E-05,9.74024E-04,7.07273E-05,9.65138E-04,7.07207E-05,9.55062E-04,7.02689E-05,9.37070E-04,7.03687E-05,9.17428E-04,7.00439E-05,8.95119E-04,