seed = 1788216161;
pop = 8000;
Inactive_Cycles = 1200;
Active_Cycles = 2500;
Total_CPU_Time = 2.17927E+04;
Total_Transport_Time = 1.86700E+03;
Time_Per_Integration = 1.11834E-09;
Clock_Time = 2.20837E+03;
keff_keff = [ 1.02166E+00,8.13242E-05];
fissionRate_fissionRate = reshape([ 1.77098E-03,7.36074E-05,1.76740E-03,7.17741E-05,1.75088E-03,7.16340E-05,1.72825E-03,7.16952E-05,1.70319E-03,7.16036E-05,1.66639E-03,7.17268E-05,1.62378E-03,7.12321E-05,1.57092E-03,7.12402E-05,1.51848E-03,7.18849E-05,1.46164E-03,7.09913E-05,1.39228E-03,7.17177E-05,1.31896E-03,7.13398E-05,1.23948E-03,7.14692E-05,1.15500E-03,7.12393E-05,1.06660E-03,7.14438E-05,9.72720E-04,7.17799E-05,8.77100E-04,7.20011E-05,7.84628E-04,7.15193E-05,6.93449E-04,7.24823E-05,6.25973E-04,7.41934E-05,6.44824E-04,7.89570E-05,1.76402E-03,7.19212E-05,1.75381E-03,7.12703E-05,1.74326E-03,7.08674E-05,1.72528E-03,7.07005E-05,1.69437E-03,7.04189E-05,1.66073E-03,7.07018E-05,1.61737E-03,7.06465E-05,1.56373E-03,7.06360E-05,1.51149E-03,7.05214E-05,1.45246E-03,7.04030E-05,1.38442E-03,7.04635E-05,1.31558E-03,6.98891E-05,1.23534E-03,7.08211E-05,1.15144E-03,7.03017E-05,1.06324E-03,7.07242E-05,9.69144E-04,7.08694E-05,8.75053E-04,7.07787E-05,7.80161E-04,7.13993E-05,6.89836E-04,7.19290E-05,6.24334E-04,7.29007E-05,6.41391E-04,7.90044E-05,1.75084E-03,7.19400E-05,1.74148E-03,7.06632E-05,1.73118E-03,7.07777E-05,1.70747E-03,7.03402E-05,1.68259E-03,7.04774E-05,1.64510E-03,7.04090E-05,1.60253E-03,7.01287E-05,1.55441E-03,7.05831E-05,1.50347E-03,7.03452E-05,1.44020E-03,7.04988E-05,1.37513E-03,6.99303E-05,1.30530E-03,7.11866E-05,1.22502E-03,7.02255E-05,1.14049E-03,7.04178E-05,1.05660E-03,7.10824E-05,9.61485E-04,7.06528E-05,8.67959E-04,7.10176E-05,7.74859E-04,7.12361E-05,6.83302E-04,7.17368E-05,6.19130E-04,7.26444E-05,6.36469E-04,7.82065E-05,1.73015E-03,7.19319E-05,1.72299E-03,7.05960E-05,1.71062E-03,7.07670E-05,1.68808E-03,7.08985E-05,1.65960E-03,7.02367E-05,1.62479E-03,6.98082E-05,1.58331E-03,6.98957E-05,1.53528E-03,7.03022E-05,1.48440E-03,7.05458E-05,1.42338E-03,7.02129E-05,1.35933E-03,7.06387E-05,1.28831E-03,7.03058E-05,1.20844E-03,6.96970E-05,1.13110E-03,7.00978E-05,1.04475E-03,7.07343E-05,9.54463E-04,7.06341E-05,8.58810E-04,7.12045E-05,7.64809E-04,7.06826E-05,6.76368E-04,7.10408E-05,6.11641E-04,7.21574E-05,6.29669E-04,7.77408E-05,1.70024E-03,7.09681E-05,1.69787E-03,7.03865E-05,1.68236E-03,7.03147E-05,1.65741E-03,7.07392E-05,1.63188E-03,7.00843E-05,1.59610E-03,7.02053E-05,1.55685E-03,7.07603E-05,1.51351E-03,7.02314E-05,1.46232E-03,7.01585E-05,1.40126E-03,7.04376E-05,1.33316E-03,7.07060E-05,1.26550E-03,7.05628E-05,1.18981E-03,7.03005E-05,1.11079E-03,7.05600E-05,1.02801E-03,7.09576E-05,9.35812E-04,7.10034E-05,8.44249E-04,7.10311E-05,7.50482E-04,7.08196E-05,6.64382E-04,7.11402E-05,6.02738E-04,7.24396E-05,6.19667E-04,7.71123E-05,1.66723E-03,7.11093E-05,1.65861E-03,7.06997E-05,1.65042E-03,7.04359E-05,1.62635E-03,7.05274E-05,1.59552E-03,7.02359E-05,1.56502E-03,7.06184E-05,1.52486E-03,6.99086E-05,1.48046E-03,6.99831E-05,1.42826E-03,7.03937E-05,1.36985E-03,7.05564E-05,1.30599E-03,7.02447E-05,1.23909E-03,7.01379E-05,1.16531E-03,7.03381E-05,1.08552E-03,7.01795E-05,1.00355E-03,7.05010E-05,9.20596E-04,7.02607E-05,8.26952E-04,7.08791E-05,7.37288E-04,7.05651E-05,6.51613E-04,7.14281E-05,5.89077E-04,7.25383E-05,6.06088E-04,7.79270E-05,1.62489E-03,7.22822E-05,1.61694E-03,7.10836E-05,1.60468E-03,7.02200E-05,1.58702E-03,7.04865E-05,1.55958E-03,7.01234E-05,1.52353E-03,7.06190E-05,1.48738E-03,7.06143E-05,1.44096E-03,7.02469E-05,1.39112E-03,7.02605E-05,1.33460E-03,7.03246E-05,1.27463E-03,7.00229E-05,1.20879E-03,7.06541E-05,1.13437E-03,7.06015E-05,1.06255E-03,7.06553E-05,9.77581E-04,7.11632E-05,8.93784E-04,7.08668E-05,8.07126E-04,7.05936E-05,7.19048E-04,7.04972E-05,6.36080E-04,7.13289E-05,5.75231E-04,7.29372E-05,5.92167E-04,7.80243E-05,1.57769E-03,7.20795E-05,1.56576E-03,7.04129E-05,1.55966E-03,7.06253E-05,1.53793E-03,7.01785E-05,1.51267E-03,7.02835E-05,1.48167E-03,7.00810E-05,1.44505E-03,7.03227E-05,1.39687E-03,7.03819E-05,1.34863E-03,7.01016E-05,1.29685E-03,6.99460E-05,1.23685E-03,7.04026E-05,1.17168E-03,7.01988E-05,1.10272E-03,7.03710E-05,1.02681E-03,7.05323E-05,9.49695E-04,7.01039E-05,8.67717E-04,7.08522E-05,7.83939E-04,7.04837E-05,6.97959E-04,7.07428E-05,6.16857E-04,7.15675E-05,5.57260E-04,7.27274E-05,5.74406E-04,7.82569E-05,1.52025E-03,7.14630E-05,1.51442E-03,7.03682E-05,1.49964E-03,7.06193E-05,1.48256E-03,7.03942E-05,1.45869E-03,7.03112E-05,1.42810E-03,7.05340E-05,1.39062E-03,7.05965E-05,1.35006E-03,7.05769E-05,1.30173E-03,7.08450E-05,1.25124E-03,7.02500E-05,1.19631E-03,6.97333E-05,1.13467E-03,7.06629E-05,1.06347E-03,7.00985E-05,9.92150E-04,7.06123E-05,9.17436E-04,6.99088E-05,8.36072E-04,7.01301E-05,7.56179E-04,7.01004E-05,6.73479E-04,7.06984E-05,5.96597E-04,7.12211E-05,5.38848E-04,7.27144E-05,5.56519E-04,7.81598E-05,1.46016E-03,7.12980E-05,1.45026E-03,7.07361E-05,1.44374E-03,7.03927E-05,1.42360E-03,7.05377E-05,1.40012E-03,7.02164E-05,1.37078E-03,7.02744E-05,1.33375E-03,7.04044E-05,1.29418E-03,7.04932E-05,1.24945E-03,6.99036E-05,1.20099E-03,6.98574E-05,1.14482E-03,7.08871E-05,1.08673E-03,7.05703E-05,1.02329E-03,7.02003E-05,9.53569E-04,7.06460E-05,8.79262E-04,6.99697E-05,8.05884E-04,7.04977E-05,7.25784E-04,7.04668E-05,6.46081E-04,7.07881E-05,5.72659E-04,7.13690E-05,5.19177E-04,7.28501E-05,5.32696E-04,7.82730E-05,1.39120E-03,7.11828E-05,1.38843E-03,7.07827E-05,1.37464E-03,7.02849E-05,1.35748E-03,7.09096E-05,1.33590E-03,6.99681E-05,1.31123E-03,6.99487E-05,1.27288E-03,7.00805E-05,1.23264E-03,6.96870E-05,1.19243E-03,7.00641E-05,1.14524E-03,6.97541E-05,1.09417E-03,7.00062E-05,1.03634E-03,6.98774E-05,9.74526E-04,6.98681E-05,9.09668E-04,7.03600E-05,8.38534E-04,7.02757E-05,7.67232E-04,7.05741E-05,6.92554E-04,7.06115E-05,6.17075E-04,7.05773E-05,5.46524E-04,7.10989E-05,4.94776E-04,7.31210E-05,5.09015E-04,7.80230E-05,1.31819E-03,7.11561E-05,1.31421E-03,7.08000E-05,1.30489E-03,7.07768E-05,1.28634E-03,7.02711E-05,1.26742E-03,6.99056E-05,1.23933E-03,7.01350E-05,1.20848E-03,7.01661E-05,1.17068E-03,7.01482E-05,1.13071E-03,7.02919E-05,1.08537E-03,7.07044E-05,1.03708E-03,7.06387E-05,9.81908E-04,7.06725E-05,9.23850E-04,7.06561E-05,8.61288E-04,7.07467E-05,7.94041E-04,7.03761E-05,7.26433E-04,7.07043E-05,6.56461E-04,7.06214E-05,5.84057E-04,7.03843E-05,5.17877E-04,7.13949E-05,4.68000E-04,7.25618E-05,4.82313E-04,7.88229E-05,1.24103E-03,7.07055E-05,1.23489E-03,7.03913E-05,1.22588E-03,7.03581E-05,1.21147E-03,6.99341E-05,1.18854E-03,7.02866E-05,1.16481E-03,7.02964E-05,1.13645E-03,7.03700E-05,1.10225E-03,7.03293E-05,1.06358E-03,7.02582E-05,1.02221E-03,7.04967E-05,9.72547E-04,7.08953E-05,9.22372E-04,7.05306E-05,8.69377E-04,7.04076E-05,8.11007E-04,7.05528E-05,7.47963E-04,7.03054E-05,6.84542E-04,7.04557E-05,6.18543E-04,7.06395E-05,5.49481E-04,7.10443E-05,4.87807E-04,7.12763E-05,4.40207E-04,7.23987E-05,4.53116E-04,7.77586E-05,1.15529E-03,7.13119E-05,1.15171E-03,7.14530E-05,1.14358E-03,7.04328E-05,1.12983E-03,7.03633E-05,1.11157E-03,7.01932E-05,1.08708E-03,7.04015E-05,1.05977E-03,7.04798E-05,1.02900E-03,7.03250E-05,9.91214E-04,7.02636E-05,9.51486E-04,7.00216E-05,9.07626E-04,7.05985E-05,8.63040E-04,6.99864E-05,8.11494E-04,7.03804E-05,7.54998E-04,6.99573E-05,6.99026E-04,7.00283E-05,6.37120E-04,7.02478E-05,5.76409E-04,7.07550E-05,5.13151E-04,7.07631E-05,4.54221E-04,7.13490E-05,4.10793E-04,7.21499E-05,4.23063E-04,7.80337E-05,1.07052E-03,7.12526E-05,1.06817E-03,7.07778E-05,1.05719E-03,7.04882E-05,1.04521E-03,7.04318E-05,1.02644E-03,7.00508E-05,1.00485E-03,7.02282E-05,9.81005E-04,7.02709E-05,9.50331E-04,6.98068E-05,9.18256E-04,7.01118E-05,8.77612E-04,7.04834E-05,8.38882E-04,7.03381E-05,7.96722E-04,7.08694E-05,7.48465E-04,6.98309E-05,6.99354E-04,7.05380E-05,6.45904E-04,7.09460E-05,5.91111E-04,7.05295E-05,5.33148E-04,7.06558E-05,4.74168E-04,7.07556E-05,4.20164E-04,7.11797E-05,3.79738E-04,7.31159E-05,3.90406E-04,7.85428E-05,9.78529E-04,7.13738E-05,9.73763E-04,7.12929E-05,9.64378E-04,7.04550E-05,9.53614E-04,7.04048E-05,9.38870E-04,7.09480E-05,9.20304E-04,7.03697E-05,8.97417E-04,