seed = 1743951321;
pop = 8000;
Inactive_Cycles = 1200;
Active_Cycles = 2500;
Total_CPU_Time = 6.01326E+04;
Total_Transport_Time = 6.68257E+03;
Time_Per_Integration = 4.00243E-09;
Clock_Time = 8.93469E+03;
keff_keff = [ 1.01468E+00,9.03977E-05];
fissionRate_fissionRate = reshape([ 1.76741E-03,8.65386E-05,1.76421E-03,8.16389E-05,1.74754E-03,8.33035E-05,1.72637E-03,8.04227E-05,1.69761E-03,7.83568E-05,1.66276E-03,7.74741E-05,1.61683E-03,7.91595E-05,1.56869E-03,7.77289E-05,1.51535E-03,7.77760E-05,1.45103E-03,7.76048E-05,1.38719E-03,7.87884E-05,1.31439E-03,7.85563E-05,1.23518E-03,7.75394E-05,1.15173E-03,7.69944E-05,1.06194E-03,7.74111E-05,9.69795E-04,7.75884E-05,8.71847E-04,7.76852E-05,7.75261E-04,7.79153E-05,6.85228E-04,7.86408E-05,6.18377E-04,8.05133E-05,6.39517E-04,8.91209E-05,1.76003E-03,8.08777E-05,1.75507E-03,7.90023E-05,1.74034E-03,7.80164E-05,1.71823E-03,7.77435E-05,1.68768E-03,7.63377E-05,1.65362E-03,7.53388E-05,1.61279E-03,7.59949E-05,1.56340E-03,7.60717E-05,1.50609E-03,7.49821E-05,1.44434E-03,7.63296E-05,1.37906E-03,7.61513E-05,1.30537E-03,7.54981E-05,1.23101E-03,7.52534E-05,1.14592E-03,7.49602E-05,1.05868E-03,7.49423E-05,9.67273E-04,7.45242E-05,8.69515E-04,7.57931E-05,7.72299E-04,7.63226E-05,6.81082E-04,7.58225E-05,6.16070E-04,7.73035E-05,6.35572E-04,8.65104E-05,1.74696E-03,7.86451E-05,1.74239E-03,7.60915E-05,1.72763E-03,7.66550E-05,1.70650E-03,7.52496E-05,1.67089E-03,7.57470E-05,1.64147E-03,7.58387E-05,1.59815E-03,7.62256E-05,1.55013E-03,7.57796E-05,1.49987E-03,7.50902E-05,1.43303E-03,7.52870E-05,1.36714E-03,7.51593E-05,1.29467E-03,7.52825E-05,1.21975E-03,7.55405E-05,1.13661E-03,7.53741E-05,1.05121E-03,7.52205E-05,9.57156E-04,7.50883E-05,8.62829E-04,7.61660E-05,7.65902E-04,7.63296E-05,6.76015E-04,7.61520E-05,6.10044E-04,7.71189E-05,6.31499E-04,8.37028E-05,1.72691E-03,7.75870E-05,1.71904E-03,7.50903E-05,1.70810E-03,7.54574E-05,1.68195E-03,7.46067E-05,1.65319E-03,7.54062E-05,1.61965E-03,7.49637E-05,1.58113E-03,7.56902E-05,1.53483E-03,7.58204E-05,1.47833E-03,7.57280E-05,1.41909E-03,7.48523E-05,1.35395E-03,7.57002E-05,1.28187E-03,7.60702E-05,1.20538E-03,7.50860E-05,1.12247E-03,7.49946E-05,1.03848E-03,7.57162E-05,9.45515E-04,7.64038E-05,8.52409E-04,7.54021E-05,7.55877E-04,7.59703E-05,6.66234E-04,7.68008E-05,6.03125E-04,7.75702E-05,6.24138E-04,8.42430E-05,1.69397E-03,7.72242E-05,1.69200E-03,7.54104E-05,1.67514E-03,7.46382E-05,1.65275E-03,7.52389E-05,1.62835E-03,7.44142E-05,1.59440E-03,7.51460E-05,1.55616E-03,7.50585E-05,1.50578E-03,7.56122E-05,1.45366E-03,7.48281E-05,1.39750E-03,7.48208E-05,1.33321E-03,7.38683E-05,1.25956E-03,7.47734E-05,1.18648E-03,7.48230E-05,1.10600E-03,7.49428E-05,1.02092E-03,7.60062E-05,9.30125E-04,7.53860E-05,8.38299E-04,7.49674E-05,7.42956E-04,7.67529E-05,6.56910E-04,7.57459E-05,5.94731E-04,7.68913E-05,6.15863E-04,8.39153E-05,1.66444E-03,7.88987E-05,1.65604E-03,7.61700E-05,1.63868E-03,7.55421E-05,1.61732E-03,7.52713E-05,1.59758E-03,7.40984E-05,1.56094E-03,7.49263E-05,1.52283E-03,7.44728E-05,1.47982E-03,7.46682E-05,1.42483E-03,7.42383E-05,1.36798E-03,7.38930E-05,1.30418E-03,7.40394E-05,1.23441E-03,7.39199E-05,1.15981E-03,7.50508E-05,1.08100E-03,7.50715E-05,9.97734E-04,7.52196E-05,9.10584E-04,7.44729E-05,8.18282E-04,7.44992E-05,7.29963E-04,7.55345E-05,6.43854E-04,7.50216E-05,5.83073E-04,7.62981E-05,6.02917E-04,8.35826E-05,1.62162E-03,7.81605E-05,1.61579E-03,7.55108E-05,1.60376E-03,7.44366E-05,1.58019E-03,7.47366E-05,1.54938E-03,7.37377E-05,1.52375E-03,7.40611E-05,1.48148E-03,7.39607E-05,1.43871E-03,7.44153E-05,1.39007E-03,7.35368E-05,1.33007E-03,7.40093E-05,1.26897E-03,7.44675E-05,1.20328E-03,7.45357E-05,1.13207E-03,7.47583E-05,1.05546E-03,7.44650E-05,9.70932E-04,7.53395E-05,8.88721E-04,7.47263E-05,7.98458E-04,7.42790E-05,7.09532E-04,7.51090E-05,6.27087E-04,7.53437E-05,5.68156E-04,7.58765E-05,5.86818E-04,8.30203E-05,1.57369E-03,7.81593E-05,1.56697E-03,7.49101E-05,1.55103E-03,7.39786E-05,1.53226E-03,7.42750E-05,1.50665E-03,7.38096E-05,1.47459E-03,7.40224E-05,1.43601E-03,7.49736E-05,1.39528E-03,7.38491E-05,1.34616E-03,7.37659E-05,1.28964E-03,7.44768E-05,1.23179E-03,7.38395E-05,1.16676E-03,7.46244E-05,1.09782E-03,7.44016E-05,1.02325E-03,7.39174E-05,9.45431E-04,7.42234E-05,8.60564E-04,7.44605E-05,7.74976E-04,7.52493E-05,6.88138E-04,7.50901E-05,6.07777E-04,7.53200E-05,5.49893E-04,7.56795E-05,5.67346E-04,8.24353E-05,1.51729E-03,7.71781E-05,1.50956E-03,7.46274E-05,1.49697E-03,7.41319E-05,1.47837E-03,7.35841E-05,1.45385E-03,7.37153E-05,1.42666E-03,7.32766E-05,1.38623E-03,7.45055E-05,1.34252E-03,7.50701E-05,1.29803E-03,7.45747E-05,1.24696E-03,7.41877E-05,1.18772E-03,7.43534E-05,1.12638E-03,7.42510E-05,1.05915E-03,7.38236E-05,9.86121E-04,7.42397E-05,9.13126E-04,7.38803E-05,8.29747E-04,7.42402E-05,7.48250E-04,7.57434E-05,6.66823E-04,7.51536E-05,5.87475E-04,7.53991E-05,5.31016E-04,7.58443E-05,5.47937E-04,8.25441E-05,1.45312E-03,7.73026E-05,1.45468E-03,7.48686E-05,1.43767E-03,7.43702E-05,1.42023E-03,7.38297E-05,1.39627E-03,7.41833E-05,1.36595E-03,7.37475E-05,1.33400E-03,7.42948E-05,1.29452E-03,7.47585E-05,1.24687E-03,7.41053E-05,1.19581E-03,7.46953E-05,1.14058E-03,7.40048E-05,1.08218E-03,7.45799E-05,1.01669E-03,7.37881E-05,9.48369E-04,7.39354E-05,8.75515E-04,7.42293E-05,7.97074E-04,7.49235E-05,7.18311E-04,7.53545E-05,6.39449E-04,7.48241E-05,5.62714E-04,7.52522E-05,5.09193E-04,7.47899E-05,5.26511E-04,8.23442E-05,1.38545E-03,7.72593E-05,1.38086E-03,7.48506E-05,1.36798E-03,7.41996E-05,1.35086E-03,7.35569E-05,1.33073E-03,7.37522E-05,1.30278E-03,7.46525E-05,1.26890E-03,7.42487E-05,1.23044E-03,7.41527E-05,1.18759E-03,7.50037E-05,1.14165E-03,7.38380E-05,1.08636E-03,7.43209E-05,1.03135E-03,7.41945E-05,9.70092E-04,7.42048E-05,9.05330E-04,7.30388E-05,8.34439E-04,7.42714E-05,7.60658E-04,7.46869E-05,6.85626E-04,7.44731E-05,6.07845E-04,7.47028E-05,5.36833E-04,7.51932E-05,4.87040E-04,7.58461E-05,5.01548E-04,8.29628E-05,1.31721E-03,7.87044E-05,1.30837E-03,7.49306E-05,1.29776E-03,7.49649E-05,1.28350E-03,7.39749E-05,1.26036E-03,7.42439E-05,1.23138E-03,7.48486E-05,1.20086E-03,7.44089E-05,1.16719E-03,7.48182E-05,1.12683E-03,7.34491E-05,1.07916E-03,7.45613E-05,1.02916E-03,7.46167E-05,9.77754E-04,7.41091E-05,9.18704E-04,7.41085E-05,8.56958E-04,7.32968E-05,7.90622E-04,7.45840E-05,7.21200E-04,7.56235E-05,6.49233E-04,7.48134E-05,5.76218E-04,7.55570E-05,5.08333E-04,7.54261E-05,4.59619E-04,7.69963E-05,4.75100E-04,8.32671E-05,1.23508E-03,7.85326E-05,1.23194E-03,7.51879E-05,1.21901E-03,7.40873E-05,1.20247E-03,7.46169E-05,1.18294E-03,7.56813E-05,1.15732E-03,7.51958E-05,1.12939E-03,7.45787E-05,1.09514E-03,7.42700E-05,1.05941E-03,7.55059E-05,1.01623E-03,7.49194E-05,9.68976E-04,7.49336E-05,9.21432E-04,7.44580E-05,8.63596E-04,7.48640E-05,8.04088E-04,7.59146E-05,7.43080E-04,7.59409E-05,6.78191E-04,7.65074E-05,6.09650E-04,7.60595E-05,5.41786E-04,7.55072E-05,4.78259E-04,7.46891E-05,4.32408E-04,7.68153E-05,4.47079E-04,8.40686E-05,1.15146E-03,7.92484E-05,1.14680E-03,7.60170E-05,1.13903E-03,7.48892E-05,1.12221E-03,7.41768E-05,1.10429E-03,7.53722E-05,1.08130E-03,7.55958E-05,1.05363E-03,7.39151E-05,1.02069E-03,7.47682E-05,9.86595E-04,7.52455E-05,9.48371E-04,7.53817E-05,9.05294E-04,7.40845E-05,8.55740E-04,7.49448E-05,8.04559E-04,7.49721E-05,7.52628E-04,7.58939E-05,6.92075E-04,7.73800E-05,6.32159E-04,7.86182E-05,5.68995E-04,7.73390E-05,5.06264E-04,7.50077E-05,4.46940E-04,7.64094E-05,4.03563E-04,7.77582E-05,4.17435E-04,8.42553E-05,1.06342E-03,8.06763E-05,1.05658E-03,7.67906E-05,1.05104E-03,7.50937E-05,1.03619E-03,7.44361E-05,1.01899E-03,7.56211E-05,9.99405E-04,7.55069E-05,9.73037E-04,7.43989E-05,9.43485E-04,7.42016E-05,9.09146E-04,7.50079E-05,8.72837E-04,7.43983E-05,8.34217E-04,7.46962E-05,7.90391E-04,7.42005E-05,7.41712E-04,7.53347E-05,6.93657E-04,7.56422E-05,6.39482E-04,7.60044E-05,5.83084E-04,7.67985E-05,5.25980E-04,7.60211E-05,4.67159E-04,7.71357E-05,4.12343E-04,7.67475E-05,3.73240E-04,7.79739E-05,3.86579E-04,8.55020E-05,9.67521E-04,7.78015E-05,9.64952E-04,7.64434E-05,9.56326E-04,7.55277E-05,9.46594E-04,7.43945E-05,9.29281E-04,7.50967E-05,9.09586E-04,7.47419E-05,8.86653E-04,