seed = 95324219;
pop = 80;
Inactive_Cycles = 2;
Active_Cycles = 2;
Total_CPU_Time = 9.44387E+00;
Total_Transport_Time = 5.74380E-02;
Time_Per_Integration = 4.73887E-09;
Clock_Time = 8.89957E-01;
keff_keff = [ -6.99086E-01,1.41015E+00];
fissionRate_fissionRate = reshape([ 7.25633E-04,9.19576E-02,1.53421E-03,1.40637E-01,-3.28226E-03,1.93731E-04,3.98410E-04,5.91764E-02,2.20406E-04,1.54090E-01,-8.11453E-04,1.05040E-04,1.66591E-04,1.74239E-01,1.62543E-04,5.50413E-02,-1.05321E-02,1.32079E-03,-2.94333E-03,3.74395E-04,-1.70253E-02,2.07514E-03,-1.64032E-02,3.36238E-03,3.60908E-04,1.36394E-01,3.56951E-04,2.18690E-01,2.70390E-04,4.23414E-01,1.06049E-03,4.75313E-02,1.60867E-04,1.21793E+00,8.81189E-03,1.60019E-01,3.82585E-03,1.03439E-01,1.43426E-03,5.80558E-02,1.88360E-03,6.98182E-02,1.63271E-03,4.58085E-02,1.18052E-03,5.90114E-01,2.13993E-03,8.52956E-02,3.65108E-04,2.54602E-01,3.16477E-03,1.32666E-01,4.71511E-04,4.17086E-02,3.99962E-04,5.95541E-02,8.47134E-04,1.08935E-01,2.22152E-03,1.66636E-01,1.07292E-03,1.56594E-01,2.61767E-03,1.10455E-01,9.68062E-04,3.16005E-02,7.11595E-04,9.13869E-02,1.48482E-03,2.89845E-01,2.35466E-04,7.55648E-02,1.12742E-03,1.33169E-01,1.20540E-03,1.27997E-01,1.52356E-03,1.32841E-01,6.67013E-04,6.55620E-01,-5.58033E-03,1.33756E-03,2.65995E-04,6.06722E-02,-3.86800E-03,7.98616E-04,8.60210E-05,8.93151E-01,1.33075E-03,3.75230E-02,1.71307E-03,4.89453E-02,3.24925E-03,4.92601E-02,7.99974E-06,9.24605E+01,3.70815E-03,1.42423E-01,9.58654E-04,9.44968E-02,2.51228E-04,4.20052E-02,-2.63937E-04,2.16797E-04,3.12819E-04,2.19249E-01,5.69471E-04,1.64916E-01,1.56684E-03,3.87823E-02,6.18187E-03,6.89009E-02,1.87826E-03,8.82484E-02,1.56936E-04,1.46394E-02,9.02860E-04,2.03791E-01,-4.52645E-04,4.59509E-04,-8.30744E-05,5.44927E-05,-1.86649E-03,4.26841E-04,2.25078E-03,1.29783E-01,3.22838E-04,1.35106E-01,-2.76799E-03,2.99440E-04,5.20124E-03,1.28237E-01,3.37481E-03,1.22697E-01,8.28631E-04,4.71682E-02,1.65901E-02,1.78912E-01,3.91690E-04,7.60132E-02,1.38456E-03,1.95913E-02,-1.46334E-04,1.13957E-04,2.26513E-03,5.43372E-02,8.84536E-04,1.31114E-01,2.25706E-05,1.70888E+01,5.06921E-04,1.68144E-01,5.19778E-03,3.74054E-02,9.80645E-05,1.74141E-01,1.01670E-03,8.87102E-02,1.75174E-03,1.81753E-01,2.56433E-04,1.58458E+00,1.20382E-03,1.80366E-01,4.84582E-03,7.39962E-02,1.70798E-03,1.43183E-01,1.90023E-04,1.14749E-01,1.14228E-04,7.29051E-01,1.05563E-03,1.69135E-01,-2.90417E-04,2.24834E-04,2.45537E-03,1.05706E-01,5.79573E-04,3.42774E-02,1.35135E-03,1.49133E-01,-3.36605E-02,6.08103E-03,1.63882E-04,5.29397E-02,1.46444E-03,1.88669E-01,5.79755E-03,4.01094E-02,5.03917E-04,7.87642E-02,1.90060E-03,1.16134E-01,2.81128E-03,7.21646E-02,2.54104E-04,4.07339E-01,6.26761E-04,2.13074E-01,4.71060E-03,8.29465E-02,3.22965E-03,5.26277E-02,-6.10115E-04,1.52284E-04,-4.47550E-02,7.46342E-03,3.52146E-03,9.44931E-02,3.42152E-04,2.90918E-01,-3.42389E-04,1.39511E-04,3.49559E-03,1.27724E-01,6.27250E-03,4.29850E-02,1.77054E-03,1.36163E-01,5.41958E-03,9.54981E-02,1.91651E-04,9.89388E-01,8.73947E-04,8.14169E-02,2.98802E-04,2.29836E-01,3.84975E-04,3.67919E-02,8.13198E-04,2.91918E-01,-1.21143E-04,4.26790E-05,8.56251E-04,1.02496E-01,3.94551E-04,3.98755E-01,1.16673E-03,4.13492E-02,3.05618E-03,4.72738E-02,5.53738E-04,6.90832E-02,3.78364E-04,5.70883E-02,7.86698E-04,2.60366E-01,1.49697E-03,3.87950E-01,1.15027E-03,1.12163E-01,2.21754E-04,6.03875E-02,-6.82455E-03,7.08899E-04,5.73430E-04,6.34852E-02,3.14343E-04,2.74597E-02,2.94954E-03,1.77986E-01,2.79849E-04,1.03897E+00,-8.92207E-04,1.83138E-04,-3.34647E-04,1.65737E-04,-1.40356E-04,2.44186E-04,-3.64352E-01,6.77972E-02,-4.94320E-03,1.38757E-03,3.71051E-04,3.04138E-02,7.16864E-04,1.01123E-01,8.11604E-04,9.82408E-02,8.94221E-04,6.26048E-02,1.28839E-03,9.15309E-02,3.53790E-03,1.28560E-01,-1.25071E-03,3.62431E-04,-7.63158E-04,2.74462E-04,5.66071E-04,3.59658E-02,-7.09861E-03,2.01582E-03,2.47825E-04,3.56106E-01,1.68091E-04,2.33936E-02,3.92278E-04,1.15030E-01,2.01153E-04,2.34389E-02,1.22099E-04,2.17261E+00,-2.72534E-04,4.04895E-05,4.27387E-03,1.00949E-01,1.27051E-03,6.67947E-02,-1.82549E-03,5.39566E-04,4.82561E-03,3.32444E-02,6.12805E-04,1.34296E-01,2.11135E-03,1.49439E-01,2.62272E-03,4.07224E+00,-6.72999E-03,3.16450E-04,1.45035E-03,4.71632E-02,1.64679E-03,1.46254E-01,1.97815E-04,5.56675E-02,7.00278E-04,1.18355E-01,1.23468E-03,4.56183E-02,5.21480E-04,8.96199E-02,-2.42782E-03,9.32225E-04,4.53139E-04,1.14555E-01,7.30501E-04,6.34717E-02,8.46927E-03,2.42425E-01,-6.18823E-05,2.42197E-04,-8.39779E-04,2.95895E-04,-2.25031E-03,3.59475E-04,4.92066E-03,7.53950E-02,-1.06287E-03,1.96163E-04,7.02552E-04,1.00576E-01,5.21208E-04,1.64431E-01,2.08034E-04,6.69754E-01,-2.97586E-03,1.09645E-03,1.24265E-03,2.78208E-01,-5.83452E-03,5.36285E-04,1.39056E-03,1.29152E-01,4.35823E-03,2.59975E-02,-2.85537E-03,1.06454E-04,8.93577E-04,1.42563E-01,1.29851E-03,9.02925E-02,1.95569E-04,2.79146E-01,1.01411E-03,4.05799E-02,1.03043E-03,6.51241E-02,1.17664E-03,1.35296E-01,1.26567E-03,1.33323E-01,1.68221E-03,6.95800E-02,4.26113E-04,2.16491E-01,1.01684E-03,6.37728E-02,1.25679E-03,1.78297E-01,1.86486E-05,1.35224E+00,-1.84368E-04,2.40135E-05,1.66352E-03,7.75782E-02,1.18892E-03,2.59797E-01,9.71290E-04,3.36458E-01,-6.41307E-04,1.90992E-04,1.85045E-03,1.04468E-01,5.61292E-05,1.15736E+00,-7.76737E-05,2.01235E-04,8.22486E-04,8.94632E-02,2.02317E-04,2.00046E-01,4.15393E-04,4.04149E-02,1.63335E-03,1.16416E-01,5.82214E-04,3.22703E-02,2.43792E-04,5.37483E-01,6.32715E-06,1.02477E+00,5.50885E-04,2.80042E-01,1.72112E-02,2.12691E-01,-2.21871E-02,4.24538E-03,-5.09431E-04,5.85297E-05,-3.97939E-02,3.71559E-03,-3.86071E-03,7.07963E-04,3.59017E-03,5.20680E-02,2.60663E-03,1.05850E-01,1.27762E-03,8.08674E-02,1.59216E-04,2.72839E-01,4.20701E-03,4.63049E-02,1.75295E-03,7.87078E-02,6.31490E-04,1.30622E-01,4.62715E-04,3.99883E-02,3.07671E-04,4.80048E-02,1.98747E-04,4.39320E-02,1.99477E-04,4.44476E-01,3.21892E-04,9.62928E-02,1.11224E-03,9.78666E-02,6.84352E-03,2.46661E-01,9.68536E-04,4.89764E-02,9.76835E-04,1.15994E-01,3.03942E-04,3.78954E-02,-1.83831E-03,1.56741E-04,2.62557E-04,3.44146E-01,3.28846E-04,2.42993E-01,-1.38857E-02,2.84848E-03,3.11009E-04,1.11051E+00,-1.79767E-03,7.47345E-04,6.63057E-04,1.10929E-01,-1.43329E-03,8.72938E-05,1.19712E-03,8.86803E-02,6.39845E-04,1.26563E-01,2.00799E-03,5.45327E-02,2.70959E-03,1.04111E-01,6.50542E-05,2.36044E-01,-6.39130E-04,4.38666E-05,-3.44774E-03,1.16046E-04,-1.82175E-04,2.79047E-05,1.35425E-03,5.16447E-02,1.17751E-03,7.43003E-02,4.28607E-03,1.10249E-01,-5.17565E-05,6.55801E-06,-1.39032E-04,2.92986E-05,2.36512E-03,1.14987E-01,4.93552E-04,4.63295E-02,5.80007E-04,3.93734E-02,-3.13070E-03,9.64877E-04,6.73276E-03,5.83105E-02,-1.88392E-03,2.80593E-03,1.93518E-03,1.92337E-01,2.43924E-04,5.75703E-01,3.18874E-04,1.21192E-01,-1.56525E-04,1.06218E-04,2.19520E-03,8.51469E-02,-1.72359E-04,9.74760E-05,-1.77307E-03,3.71481E-04,3.75118E-04,2.91299E-01,4.78558E-04,1.16897E-01,-6.22461E-04,2.83232E-04,-9.80250E-05,2.81871E-04,1.22239E-03,1.06574E-01,5.60989E-04,5.33165E-02,1.04123E-03,2.42473E-01,1.89926E-03,6.68659E-02,3.55582E-03,5.06893E-02,1.19483E-03,7.89444E-02,3.73598E-03,1.15675E-01,3.52206E-04,1.24238E-01,-3.15860E-02,5.03534E-03,-4.67707E-02,2.26713E-03,-2.80162E-03,6.16051E-04,-7.63086E-04,4.76272E-04,-6.30542E-04,7.37551E-05,6.67808E-04,2.46735E-02,3.70523E-03,3.70994E-02,1.09073E-03,7.91548E-01,9.57762E-04,1.08598E-01,2.41647E-04,7.88678E-01,1.17334E-03,1.43306E-01,1.09566E-03,2.92916E-02,4.24327E-04,4.35958E-02,-4.37009E-02,5.96327E-03,1.61243E-03,8.62137E-02,1.59662E-02,2.55880E-01,6.19353E-04,3.89311E-02,5.48315E-05,4.43489E+00,1.06352E-03,4.25633E-01,-5.05685E-04,3.44148E-04,1.29889E-04,1.26853E+00,5.45094E-04,4.47783E-02,6.83690E-04,6.78614E-02,1.19938E-03,8.82423E-02,-2.56135E-04,2.73135E-04,1.31808E-04,3.86991E-01,2.73641E-04,3.16784E-02,1.11216E-03,4.18876E-02,1.03994E-03,2.96553E-02,1.43000E-04,4.11821E-01,7.69897E-04,6.75567E-02,-2.75569E-03,4.35519E-03,-8.39094E-04,3.62778E-04,-4.58877E-04,1.25545E-04,3.27825E-03,9.02003E-02,-6.62063E-05,9.94837E-05,1.94169E-04,1.75630E-02,1.50355E-03,