seed = 732760720;
pop = 8000;
Inactive_Cycles = 1200;
Active_Cycles = 2500;
Total_CPU_Time = 1.50272E+04;
Total_Transport_Time = 1.46231E+03;
Time_Per_Integration = 2.25514E-09;
Clock_Time = 1.57915E+03;
keff_keff = [ 1.01480E+00,8.91120E-05];
fissionRate_fissionRate = reshape([ 1.76950E-03,1.45612E-04,1.75369E-03,1.30141E-04,1.74779E-03,1.30539E-04,1.73120E-03,1.27131E-04,1.69749E-03,1.26185E-04,1.66042E-03,1.28945E-04,1.61980E-03,1.26213E-04,1.57234E-03,1.26145E-04,1.51708E-03,1.27992E-04,1.45445E-03,1.32162E-04,1.38449E-03,1.35578E-04,1.31457E-03,1.30069E-04,1.23508E-03,1.29923E-04,1.14896E-03,1.28149E-04,1.06121E-03,1.31290E-04,9.67720E-04,1.29231E-04,8.68386E-04,1.29964E-04,7.73573E-04,1.30104E-04,6.82409E-04,1.27662E-04,6.16400E-04,1.28251E-04,6.38677E-04,1.40419E-04,1.76783E-03,1.29950E-04,1.75316E-03,1.23067E-04,1.74842E-03,1.23364E-04,1.72044E-03,1.19125E-04,1.68620E-03,1.21423E-04,1.65163E-03,1.23546E-04,1.61645E-03,1.23965E-04,1.56735E-03,1.23516E-04,1.50997E-03,1.20676E-04,1.44477E-03,1.21887E-04,1.37724E-03,1.23805E-04,1.30531E-03,1.23584E-04,1.22760E-03,1.28086E-04,1.14471E-03,1.22418E-04,1.05928E-03,1.22454E-04,9.62917E-04,1.21164E-04,8.67344E-04,1.23639E-04,7.71519E-04,1.21585E-04,6.81200E-04,1.21450E-04,6.13704E-04,1.24623E-04,6.35741E-04,1.35890E-04,1.75031E-03,1.26510E-04,1.74425E-03,1.22300E-04,1.72737E-03,1.24787E-04,1.70981E-03,1.18437E-04,1.67753E-03,1.18899E-04,1.64292E-03,1.21734E-04,1.59798E-03,1.20071E-04,1.54910E-03,1.21200E-04,1.49682E-03,1.20445E-04,1.43596E-03,1.18642E-04,1.36731E-03,1.21273E-04,1.29623E-03,1.19157E-04,1.21654E-03,1.22783E-04,1.13637E-03,1.22271E-04,1.05064E-03,1.21757E-04,9.55709E-04,1.20482E-04,8.61319E-04,1.20815E-04,7.61762E-04,1.21186E-04,6.74413E-04,1.21506E-04,6.08817E-04,1.19907E-04,6.30121E-04,1.34658E-04,1.72687E-03,1.26793E-04,1.71662E-03,1.22620E-04,1.70465E-03,1.22463E-04,1.68054E-03,1.19705E-04,1.65874E-03,1.19398E-04,1.62066E-03,1.20443E-04,1.57606E-03,1.18751E-04,1.53193E-03,1.19777E-04,1.48061E-03,1.20994E-04,1.41950E-03,1.18983E-04,1.35086E-03,1.21827E-04,1.28104E-03,1.18382E-04,1.20260E-03,1.20475E-04,1.12141E-03,1.18683E-04,1.03367E-03,1.20215E-04,9.45383E-04,1.20266E-04,8.49866E-04,1.20051E-04,7.55527E-04,1.19247E-04,6.65443E-04,1.19549E-04,6.00550E-04,1.21871E-04,6.22239E-04,1.30975E-04,1.69587E-03,1.24727E-04,1.69197E-03,1.20713E-04,1.67552E-03,1.21537E-04,1.65648E-03,1.18588E-04,1.62445E-03,1.21833E-04,1.59473E-03,1.20528E-04,1.55447E-03,1.22672E-04,1.50896E-03,1.20771E-04,1.45617E-03,1.19405E-04,1.39872E-03,1.19601E-04,1.33065E-03,1.21720E-04,1.26055E-03,1.20203E-04,1.18348E-03,1.20474E-04,1.10542E-03,1.17195E-04,1.02084E-03,1.18870E-04,9.30397E-04,1.16999E-04,8.35965E-04,1.18887E-04,7.43421E-04,1.19605E-04,6.53866E-04,1.19345E-04,5.93434E-04,1.22062E-04,6.12721E-04,1.30981E-04,1.66314E-03,1.27895E-04,1.65331E-03,1.21714E-04,1.64275E-03,1.21046E-04,1.62396E-03,1.19473E-04,1.59329E-03,1.17671E-04,1.56076E-03,1.19730E-04,1.52082E-03,1.21091E-04,1.47469E-03,1.20024E-04,1.42637E-03,1.19448E-04,1.36626E-03,1.18576E-04,1.30104E-03,1.21763E-04,1.23276E-03,1.19203E-04,1.16035E-03,1.18240E-04,1.08051E-03,1.18090E-04,9.96414E-04,1.18420E-04,9.11959E-04,1.17011E-04,8.19183E-04,1.17279E-04,7.28521E-04,1.19728E-04,6.42953E-04,1.19264E-04,5.80885E-04,1.20283E-04,6.01657E-04,1.31606E-04,1.61905E-03,1.29336E-04,1.61022E-03,1.21381E-04,1.59784E-03,1.21475E-04,1.57749E-03,1.19895E-04,1.55036E-03,1.18321E-04,1.51934E-03,1.18518E-04,1.47988E-03,1.20217E-04,1.43615E-03,1.23939E-04,1.38793E-03,1.19933E-04,1.33244E-03,1.20098E-04,1.27096E-03,1.20597E-04,1.20255E-03,1.18567E-04,1.13152E-03,1.20521E-04,1.05452E-03,1.19434E-04,9.74809E-04,1.16962E-04,8.86259E-04,1.16809E-04,8.00810E-04,1.19344E-04,7.11789E-04,1.19667E-04,6.26364E-04,1.21090E-04,5.67033E-04,1.21069E-04,5.84800E-04,1.30672E-04,1.56968E-03,1.30309E-04,1.56575E-03,1.23092E-04,1.55471E-03,1.19493E-04,1.53257E-03,1.22194E-04,1.50758E-03,1.20476E-04,1.47513E-03,1.19824E-04,1.44011E-03,1.19689E-04,1.39059E-03,1.18864E-04,1.34821E-03,1.17800E-04,1.29232E-03,1.19052E-04,1.23450E-03,1.20101E-04,1.16544E-03,1.19008E-04,1.09827E-03,1.18369E-04,1.02636E-03,1.19453E-04,9.43765E-04,1.18688E-04,8.62165E-04,1.19002E-04,7.75111E-04,1.20049E-04,6.89169E-04,1.19178E-04,6.09588E-04,1.19793E-04,5.49869E-04,1.21354E-04,5.68022E-04,1.33309E-04,1.51417E-03,1.29269E-04,1.50869E-03,1.19027E-04,1.49998E-03,1.19804E-04,1.47962E-03,1.21257E-04,1.45519E-03,1.21219E-04,1.42424E-03,1.20993E-04,1.38795E-03,1.18205E-04,1.34542E-03,1.19552E-04,1.29939E-03,1.17541E-04,1.24733E-03,1.17624E-04,1.18969E-03,1.16812E-04,1.12689E-03,1.19576E-04,1.05780E-03,1.18053E-04,9.88650E-04,1.18150E-04,9.11074E-04,1.19134E-04,8.30411E-04,1.19041E-04,7.48162E-04,1.18740E-04,6.63771E-04,1.20731E-04,5.87688E-04,1.20321E-04,5.29816E-04,1.21626E-04,5.49767E-04,1.31068E-04,1.45547E-03,1.26599E-04,1.44702E-03,1.20759E-04,1.43536E-03,1.20319E-04,1.41720E-03,1.20511E-04,1.39786E-03,1.18874E-04,1.36768E-03,1.19047E-04,1.33131E-03,1.17857E-04,1.29296E-03,1.19632E-04,1.24660E-03,1.17754E-04,1.19422E-03,1.17251E-04,1.14013E-03,1.19746E-04,1.08300E-03,1.19283E-04,1.01694E-03,1.19071E-04,9.46395E-04,1.18986E-04,8.74108E-04,1.17037E-04,7.98175E-04,1.18970E-04,7.18589E-04,1.18720E-04,6.38724E-04,1.21758E-04,5.62989E-04,1.20130E-04,5.09031E-04,1.22806E-04,5.27553E-04,1.32557E-04,1.38805E-03,1.25064E-04,1.38190E-03,1.19993E-04,1.36951E-03,1.18201E-04,1.35138E-03,1.19372E-04,1.33082E-03,1.18973E-04,1.30227E-03,1.18216E-04,1.26986E-03,1.17391E-04,1.23165E-03,1.18794E-04,1.18940E-03,1.18821E-04,1.14019E-03,1.18539E-04,1.08769E-03,1.19713E-04,1.03009E-03,1.18572E-04,9.67072E-04,1.18033E-04,9.04508E-04,1.19043E-04,8.34587E-04,1.18470E-04,7.59274E-04,1.18892E-04,6.85605E-04,1.18322E-04,6.09365E-04,1.21525E-04,5.37576E-04,1.21225E-04,4.85390E-04,1.21323E-04,4.99943E-04,1.32466E-04,1.31346E-03,1.23166E-04,1.30859E-03,1.21242E-04,1.29550E-03,1.18797E-04,1.28102E-03,1.18314E-04,1.26194E-03,1.18796E-04,1.23724E-03,1.18942E-04,1.20115E-03,1.20564E-04,1.16552E-03,1.19805E-04,1.12597E-03,1.19320E-04,1.08011E-03,1.19125E-04,1.03253E-03,1.18673E-04,9.75182E-04,1.18538E-04,9.18164E-04,1.16419E-04,8.57837E-04,1.18104E-04,7.89405E-04,1.20629E-04,7.20736E-04,1.19360E-04,6.49474E-04,1.18156E-04,5.76715E-04,1.19470E-04,5.06441E-04,1.20041E-04,4.59082E-04,1.21495E-04,4.74619E-04,1.34090E-04,1.23315E-03,1.26041E-04,1.22998E-03,1.20012E-04,1.21965E-03,1.18944E-04,1.20423E-03,1.19027E-04,1.18653E-03,1.19801E-04,1.15971E-03,1.16574E-04,1.12934E-03,1.19936E-04,1.09647E-03,1.19891E-04,1.05757E-03,1.20311E-04,1.01548E-03,1.19179E-04,9.68812E-04,1.16293E-04,9.18067E-04,1.16284E-04,8.62106E-04,1.17570E-04,8.04865E-04,1.17330E-04,7.42588E-04,1.17976E-04,6.77094E-04,1.20963E-04,6.10224E-04,1.19806E-04,5.41401E-04,1.20230E-04,4.77459E-04,1.20068E-04,4.32735E-04,1.22578E-04,4.47863E-04,1.34113E-04,1.14925E-03,1.25503E-04,1.14349E-03,1.19069E-04,1.13751E-03,1.20797E-04,1.12296E-03,1.19765E-04,1.10219E-03,1.18840E-04,1.07643E-03,1.20151E-04,1.05157E-03,1.20317E-04,1.02189E-03,1.21564E-04,9.86872E-04,1.18030E-04,9.47730E-04,1.21503E-04,9.04243E-04,1.18549E-04,8.55502E-04,1.19120E-04,8.06068E-04,1.19683E-04,7.48754E-04,1.19249E-04,6.91383E-04,1.16984E-04,6.29826E-04,1.17853E-04,5.67312E-04,1.17483E-04,5.05357E-04,1.17317E-04,4.45387E-04,1.17175E-04,4.03387E-04,1.22031E-04,4.19190E-04,1.34589E-04,1.06195E-03,1.27331E-04,1.05774E-03,1.20380E-04,1.04841E-03,1.20150E-04,1.03550E-03,1.17159E-04,1.01900E-03,1.18269E-04,9.98643E-04,1.20445E-04,9.72511E-04,1.21257E-04,9.44521E-04,1.20526E-04,9.09876E-04,1.18733E-04,8.73575E-04,1.17870E-04,8.33992E-04,1.18179E-04,7.90886E-04,1.17709E-04,7.41818E-04,1.19370E-04,6.93137E-04,1.17946E-04,6.39319E-04,1.16066E-04,5.83905E-04,1.19209E-04,5.24377E-04,1.17923E-04,4.67069E-04,1.18447E-04,4.12520E-04,1.19330E-04,3.71512E-04,1.21024E-04,3.86051E-04,1.34360E-04,9.68674E-04,1.27700E-04,9.64193E-04,1.20586E-04,9.54477E-04,1.21297E-04,9.41801E-04,1.20327E-04,9.30587E-04,1.17975E-04,9.11180E-04,1.19607E-04,8.88264E-04,