seed = 735283472;
pop = 8000;
Inactive_Cycles = 1200;
Active_Cycles = 2500;
Total_CPU_Time = 2.76804E+04;
Total_Transport_Time = 2.66056E+03;
Time_Per_Integration = 3.14327E-09;
Clock_Time = 2.94090E+03;
keff_keff = [ 1.01478E+00,8.71659E-05];
fissionRate_fissionRate = reshape([ 1.76725E-03,1.15195E-04,1.76012E-03,1.10084E-04,1.74546E-03,1.08504E-04,1.72405E-03,1.08506E-04,1.69897E-03,1.09132E-04,1.66220E-03,1.10969E-04,1.61486E-03,1.08626E-04,1.57092E-03,1.09753E-04,1.51344E-03,1.09931E-04,1.45223E-03,1.08960E-04,1.38470E-03,1.09026E-04,1.31250E-03,1.09210E-04,1.23241E-03,1.07280E-04,1.15011E-03,1.08205E-04,1.06054E-03,1.08937E-04,9.67706E-04,1.09516E-04,8.71261E-04,1.09832E-04,7.73033E-04,1.10532E-04,6.82507E-04,1.11790E-04,6.17856E-04,1.13286E-04,6.37610E-04,1.20191E-04,1.76334E-03,1.10205E-04,1.75300E-03,1.06474E-04,1.74096E-03,1.05572E-04,1.72214E-03,1.05798E-04,1.69338E-03,1.05809E-04,1.65957E-03,1.05885E-04,1.61150E-03,1.05658E-04,1.56618E-03,1.06009E-04,1.50846E-03,1.05062E-04,1.44825E-03,1.06624E-04,1.37920E-03,1.05013E-04,1.30709E-03,1.05468E-04,1.22990E-03,1.06414E-04,1.14734E-03,1.05836E-04,1.05722E-03,1.06978E-04,9.63133E-04,1.05474E-04,8.68286E-04,1.07900E-04,7.70226E-04,1.07730E-04,6.79902E-04,1.07610E-04,6.14585E-04,1.08141E-04,6.36643E-04,1.18115E-04,1.74961E-03,1.10752E-04,1.73967E-03,1.05833E-04,1.72609E-03,1.05406E-04,1.70493E-03,1.06576E-04,1.68044E-03,1.05691E-04,1.64112E-03,1.03941E-04,1.60137E-03,1.05228E-04,1.55546E-03,1.04772E-04,1.49650E-03,1.05481E-04,1.43609E-03,1.04877E-04,1.36943E-03,1.05961E-04,1.29766E-03,1.06846E-04,1.21886E-03,1.05410E-04,1.13540E-03,1.06269E-04,1.04811E-03,1.06109E-04,9.56759E-04,1.05864E-04,8.61138E-04,1.06088E-04,7.63239E-04,1.05466E-04,6.73400E-04,1.07525E-04,6.11661E-04,1.10432E-04,6.30032E-04,1.17972E-04,1.72670E-03,1.11121E-04,1.71897E-03,1.07160E-04,1.70662E-03,1.05679E-04,1.68516E-03,1.06074E-04,1.66029E-03,1.05102E-04,1.62557E-03,1.05523E-04,1.58212E-03,1.05316E-04,1.53339E-03,1.06228E-04,1.47898E-03,1.05953E-04,1.41762E-03,1.05134E-04,1.35195E-03,1.05999E-04,1.27917E-03,1.04625E-04,1.20328E-03,1.05921E-04,1.12255E-03,1.05180E-04,1.03479E-03,1.05880E-04,9.44047E-04,1.04384E-04,8.50641E-04,1.06676E-04,7.56505E-04,1.06926E-04,6.66032E-04,1.06865E-04,6.01562E-04,1.08481E-04,6.22689E-04,1.17880E-04,1.69774E-03,1.10204E-04,1.69210E-03,1.04415E-04,1.67725E-03,1.03800E-04,1.65883E-03,1.03669E-04,1.63225E-03,1.03395E-04,1.59242E-03,1.04744E-04,1.55723E-03,1.05035E-04,1.50570E-03,1.04789E-04,1.45618E-03,1.05203E-04,1.39246E-03,1.05040E-04,1.32683E-03,1.05990E-04,1.26095E-03,1.05170E-04,1.18346E-03,1.03873E-04,1.10551E-03,1.05118E-04,1.01778E-03,1.05757E-04,9.29057E-04,1.05592E-04,8.35435E-04,1.05947E-04,7.42511E-04,1.05273E-04,6.56989E-04,1.07330E-04,5.92703E-04,1.08896E-04,6.11629E-04,1.17382E-04,1.66243E-03,1.09415E-04,1.65868E-03,1.06497E-04,1.64604E-03,1.05155E-04,1.62333E-03,1.04127E-04,1.59460E-03,1.03272E-04,1.55965E-03,1.03045E-04,1.52139E-03,1.04449E-04,1.47431E-03,1.06083E-04,1.42231E-03,1.06156E-04,1.36647E-03,1.05886E-04,1.30318E-03,1.05153E-04,1.23545E-03,1.04012E-04,1.16228E-03,1.04458E-04,1.08036E-03,1.06170E-04,9.95068E-04,1.05520E-04,9.10378E-04,1.04577E-04,8.19066E-04,1.04753E-04,7.27897E-04,1.05625E-04,6.43289E-04,1.05542E-04,5.80594E-04,1.08058E-04,6.02157E-04,1.16114E-04,1.61940E-03,1.08900E-04,1.61219E-03,1.05629E-04,1.59892E-03,1.05352E-04,1.57969E-03,1.05306E-04,1.55530E-03,1.05211E-04,1.52054E-03,1.06100E-04,1.48128E-03,1.05737E-04,1.43930E-03,1.06188E-04,1.38926E-03,1.03785E-04,1.33125E-03,1.04537E-04,1.26990E-03,1.05671E-04,1.20068E-03,1.03957E-04,1.13154E-03,1.05044E-04,1.05402E-03,1.03845E-04,9.72306E-04,1.04736E-04,8.88476E-04,1.04778E-04,8.00301E-04,1.04704E-04,7.09650E-04,1.06326E-04,6.26851E-04,1.05844E-04,5.66035E-04,1.09471E-04,5.86701E-04,1.17674E-04,1.57090E-03,1.08787E-04,1.56451E-03,1.04253E-04,1.55481E-03,1.03985E-04,1.53082E-03,1.05438E-04,1.50684E-03,1.04577E-04,1.47640E-03,1.05524E-04,1.43615E-03,1.04513E-04,1.39408E-03,1.04815E-04,1.34688E-03,1.04411E-04,1.29404E-03,1.03407E-04,1.23118E-03,1.04024E-04,1.16939E-03,1.04079E-04,1.09794E-03,1.04629E-04,1.02366E-03,1.05071E-04,9.44674E-04,1.04095E-04,8.59939E-04,1.03944E-04,7.75230E-04,1.03623E-04,6.89354E-04,1.06509E-04,6.08349E-04,1.06950E-04,5.49405E-04,1.08270E-04,5.67699E-04,1.16277E-04,1.51509E-03,1.09224E-04,1.51061E-03,1.06129E-04,1.49800E-03,1.05590E-04,1.47481E-03,1.06257E-04,1.45218E-03,1.05745E-04,1.42364E-03,1.06143E-04,1.38846E-03,1.03424E-04,1.34272E-03,1.05554E-04,1.30140E-03,1.05684E-04,1.24690E-03,1.05473E-04,1.19007E-03,1.03937E-04,1.12727E-03,1.05254E-04,1.05975E-03,1.04671E-04,9.86228E-04,1.04913E-04,9.11910E-04,1.05229E-04,8.29338E-04,1.05027E-04,7.48265E-04,1.04310E-04,6.64082E-04,1.05141E-04,5.86640E-04,1.04237E-04,5.30332E-04,1.08085E-04,5.48469E-04,1.16936E-04,1.45555E-03,1.09081E-04,1.45038E-03,1.05837E-04,1.43819E-03,1.06162E-04,1.41931E-03,1.05573E-04,1.39509E-03,1.04040E-04,1.36658E-03,1.04887E-04,1.33198E-03,1.04067E-04,1.29383E-03,1.04730E-04,1.24557E-03,1.03892E-04,1.19633E-03,1.04746E-04,1.14102E-03,1.05248E-04,1.08033E-03,1.02070E-04,1.01620E-03,1.04396E-04,9.47483E-04,1.04332E-04,8.72777E-04,1.04652E-04,7.97092E-04,1.04404E-04,7.17642E-04,1.05455E-04,6.36768E-04,1.04436E-04,5.63058E-04,1.05349E-04,5.07401E-04,1.07685E-04,5.26697E-04,1.17013E-04,1.38816E-03,1.09315E-04,1.38330E-03,1.06873E-04,1.36892E-03,1.06158E-04,1.35323E-03,1.06868E-04,1.33201E-03,1.04758E-04,1.30545E-03,1.04314E-04,1.26790E-03,1.04736E-04,1.23354E-03,1.04918E-04,1.18852E-03,1.05087E-04,1.14074E-03,1.05427E-04,1.08911E-03,1.05581E-04,1.03106E-03,1.06672E-04,9.68978E-04,1.03728E-04,9.02528E-04,1.04765E-04,8.33029E-04,1.05152E-04,7.59473E-04,1.05746E-04,6.83679E-04,1.06182E-04,6.08120E-04,1.06706E-04,5.36163E-04,1.06225E-04,4.85721E-04,1.08860E-04,5.01927E-04,1.15847E-04,1.31538E-03,1.08032E-04,1.30885E-03,1.05738E-04,1.29846E-03,1.04862E-04,1.28704E-03,1.04788E-04,1.26199E-03,1.05342E-04,1.23418E-03,1.05016E-04,1.20361E-03,1.04785E-04,1.16709E-03,1.05261E-04,1.12747E-03,1.05001E-04,1.08184E-03,1.05333E-04,1.03118E-03,1.02856E-04,9.75623E-04,1.05766E-04,9.15650E-04,1.05173E-04,8.55100E-04,1.04709E-04,7.89347E-04,1.05013E-04,7.19598E-04,1.04974E-04,6.47560E-04,1.06338E-04,5.76095E-04,1.05641E-04,5.08610E-04,1.06721E-04,4.60045E-04,1.08196E-04,4.75381E-04,1.18828E-04,1.23774E-03,1.09450E-04,1.22977E-03,1.04636E-04,1.22152E-03,1.04367E-04,1.20496E-03,1.05301E-04,1.18325E-03,1.04655E-04,1.16146E-03,1.06236E-04,1.12945E-03,1.05644E-04,1.09730E-03,1.05226E-04,1.06076E-03,1.05164E-04,1.01698E-03,1.05109E-04,9.69986E-04,1.03417E-04,9.18376E-04,1.05128E-04,8.63137E-04,1.05583E-04,8.07180E-04,1.04820E-04,7.42695E-04,1.05681E-04,6.77605E-04,1.05402E-04,6.08566E-04,1.05656E-04,5.40555E-04,1.05208E-04,4.77431E-04,1.05534E-04,4.32403E-04,1.08025E-04,4.47321E-04,1.16735E-04,1.15085E-03,1.08977E-04,1.14684E-03,1.05345E-04,1.13771E-03,1.05325E-04,1.12474E-03,1.06197E-04,1.10595E-03,1.03699E-04,1.08042E-03,1.06096E-04,1.05616E-03,1.04835E-04,1.02156E-03,1.04954E-04,9.84552E-04,1.05631E-04,9.47429E-04,1.05201E-04,9.01678E-04,1.05261E-04,8.57655E-04,1.04894E-04,8.04612E-04,1.03568E-04,7.51400E-04,1.04316E-04,6.92152E-04,1.06753E-04,6.31723E-04,1.05591E-04,5.67989E-04,1.06160E-04,5.05335E-04,1.05946E-04,4.45479E-04,1.07110E-04,4.02716E-04,1.09377E-04,4.17079E-04,1.15284E-04,1.06179E-03,1.08998E-04,1.05753E-03,1.06148E-04,1.05138E-03,1.04896E-04,1.03672E-03,1.05472E-04,1.02136E-03,1.05036E-04,9.99022E-04,1.05830E-04,9.72274E-04,1.05367E-04,9.43563E-04,1.05313E-04,9.09147E-04,1.03669E-04,8.73513E-04,1.05045E-04,8.33679E-04,1.04845E-04,7.90049E-04,1.05185E-04,7.42437E-04,1.05292E-04,6.91144E-04,1.05494E-04,6.38522E-04,1.05130E-04,5.82059E-04,1.05373E-04,5.23512E-04,1.04962E-04,4.65336E-04,1.05311E-04,4.11327E-04,1.06748E-04,3.72619E-04,1.07586E-04,3.85162E-04,1.17439E-04,9.70529E-04,1.10355E-04,9.65964E-04,1.06004E-04,9.57725E-04,1.06677E-04,9.47846E-04,1.04583E-04,9.30088E-04,1.07057E-04,9.11152E-04,1.06006E-04,8.87796E-04,