seed = -90608261;
pop = 8000;
Inactive_Cycles = 1200;
Active_Cycles = 2500;
Total_CPU_Time = 5.89674E+04;
Total_Transport_Time = 4.02106E+03;
Time_Per_Integration = 2.40811E-09;
Clock_Time = 6.94960E+03;
keff_keff = [ 1.06164E+00,9.33546E-05];
fissionRate_fissionRate = reshape([ 1.93253E-03,6.84256E-05,1.92557E-03,6.74131E-05,1.90487E-03,6.75195E-05,1.87292E-03,6.75755E-05,1.84176E-03,6.69709E-05,1.80065E-03,6.75108E-05,1.75576E-03,6.68348E-05,1.69460E-03,6.67776E-05,1.63286E-03,6.75102E-05,1.56474E-03,6.67916E-05,1.48994E-03,6.70836E-05,1.40567E-03,6.76100E-05,1.31947E-03,6.71045E-05,1.22669E-03,6.73605E-05,1.12908E-03,6.73580E-05,1.02341E-03,6.76802E-05,9.14446E-04,6.72821E-05,8.05942E-04,6.75485E-05,7.00067E-04,6.82286E-05,6.15604E-04,6.93594E-05,6.08580E-04,7.45340E-05,1.91832E-03,6.75946E-05,1.91133E-03,6.68934E-05,1.88838E-03,6.60225E-05,1.86709E-03,6.65698E-05,1.83002E-03,6.65548E-05,1.78984E-03,6.67411E-05,1.73835E-03,6.62316E-05,1.68996E-03,6.63384E-05,1.62473E-03,6.58983E-05,1.55537E-03,6.66150E-05,1.47868E-03,6.60554E-05,1.39782E-03,6.65643E-05,1.31249E-03,6.70556E-05,1.21740E-03,6.63828E-05,1.11994E-03,6.67845E-05,1.01940E-03,6.66724E-05,9.10635E-04,6.67100E-05,7.99939E-04,6.66594E-05,6.95524E-04,6.77544E-05,6.11835E-04,6.88875E-05,6.06157E-04,7.36665E-05,1.90256E-03,6.78555E-05,1.89312E-03,6.61546E-05,1.87414E-03,6.64517E-05,1.84808E-03,6.65160E-05,1.81603E-03,6.62396E-05,1.77057E-03,6.60519E-05,1.72698E-03,6.59694E-05,1.67103E-03,6.61055E-05,1.60922E-03,6.59751E-05,1.54032E-03,6.66624E-05,1.46560E-03,6.61147E-05,1.38457E-03,6.67703E-05,1.29641E-03,6.64330E-05,1.20625E-03,6.65599E-05,1.10909E-03,6.63340E-05,1.00942E-03,6.64922E-05,9.03233E-04,6.66205E-05,7.94343E-04,6.69427E-05,6.90029E-04,6.73712E-05,6.04093E-04,6.83566E-05,6.00911E-04,7.32646E-05,1.87482E-03,6.73463E-05,1.86411E-03,6.65078E-05,1.84941E-03,6.62170E-05,1.82341E-03,6.61458E-05,1.79132E-03,6.62602E-05,1.74815E-03,6.61608E-05,1.70312E-03,6.58776E-05,1.64607E-03,6.67647E-05,1.58527E-03,6.57037E-05,1.51778E-03,6.64448E-05,1.44354E-03,6.61834E-05,1.36621E-03,6.60612E-05,1.27822E-03,6.68071E-05,1.19006E-03,6.62554E-05,1.09232E-03,6.57894E-05,9.91403E-04,6.59190E-05,8.88269E-04,6.66544E-05,7.81746E-04,6.69591E-05,6.79130E-04,6.70910E-05,5.96890E-04,6.83476E-05,5.91448E-04,7.29944E-05,1.84373E-03,6.74139E-05,1.82973E-03,6.62964E-05,1.81270E-03,6.60446E-05,1.78882E-03,6.66316E-05,1.75690E-03,6.62443E-05,1.71961E-03,6.60547E-05,1.67022E-03,6.61850E-05,1.61824E-03,6.67484E-05,1.55655E-03,6.62522E-05,1.48979E-03,6.63612E-05,1.42124E-03,6.62223E-05,1.33996E-03,6.60131E-05,1.25697E-03,6.61586E-05,1.16929E-03,6.58185E-05,1.06979E-03,6.61712E-05,9.74635E-04,6.60204E-05,8.70339E-04,6.69075E-05,7.68226E-04,6.69494E-05,6.66311E-04,6.71034E-05,5.86832E-04,6.83750E-05,5.81991E-04,7.34674E-05,1.80010E-03,6.73360E-05,1.78989E-03,6.65658E-05,1.77281E-03,6.59761E-05,1.75008E-03,6.64255E-05,1.71736E-03,6.63386E-05,1.68175E-03,6.61308E-05,1.63282E-03,6.60809E-05,1.58400E-03,6.65139E-05,1.52062E-03,6.60292E-05,1.45525E-03,6.61079E-05,1.38221E-03,6.55563E-05,1.30823E-03,6.64858E-05,1.22738E-03,6.66599E-05,1.14130E-03,6.62005E-05,1.04650E-03,6.64575E-05,9.50752E-04,6.58804E-05,8.52550E-04,6.67158E-05,7.48134E-04,6.69099E-05,6.54234E-04,6.68986E-05,5.72002E-04,6.80995E-05,5.68141E-04,7.26889E-05,1.75005E-03,6.68651E-05,1.74108E-03,6.60714E-05,1.72562E-03,6.63954E-05,1.70268E-03,6.60221E-05,1.66840E-03,6.62401E-05,1.63584E-03,6.60369E-05,1.59044E-03,6.60814E-05,1.53747E-03,6.62075E-05,1.48009E-03,6.62162E-05,1.41842E-03,6.59482E-05,1.34700E-03,6.62683E-05,1.27141E-03,6.61638E-05,1.19179E-03,6.58881E-05,1.10528E-03,6.65205E-05,1.01610E-03,6.63718E-05,9.23853E-04,6.60010E-05,8.29281E-04,6.58333E-05,7.29072E-04,6.59959E-05,6.32933E-04,6.78756E-05,5.56687E-04,6.82348E-05,5.52896E-04,7.23439E-05,1.69820E-03,6.73697E-05,1.68395E-03,6.64118E-05,1.67046E-03,6.63919E-05,1.64566E-03,6.60016E-05,1.61853E-03,6.61881E-05,1.57946E-03,6.60105E-05,1.53917E-03,6.63092E-05,1.48590E-03,6.64072E-05,1.43449E-03,6.57519E-05,1.37331E-03,6.61360E-05,1.30443E-03,6.63339E-05,1.22953E-03,6.61981E-05,1.15252E-03,6.56698E-05,1.07057E-03,6.60451E-05,9.84097E-04,6.60279E-05,8.93513E-04,6.60047E-05,7.99695E-04,6.62519E-05,7.06044E-04,6.65608E-05,6.12866E-04,6.69211E-05,5.38151E-04,6.80251E-05,5.34018E-04,7.31034E-05,1.62998E-03,6.72105E-05,1.62112E-03,6.69787E-05,1.60938E-03,6.58426E-05,1.58688E-03,6.57702E-05,1.55867E-03,6.62773E-05,1.52289E-03,6.63368E-05,1.48153E-03,6.57797E-05,1.43239E-03,6.62345E-05,1.37848E-03,6.61336E-05,1.31907E-03,6.62207E-05,1.25209E-03,6.61163E-05,1.18379E-03,6.60301E-05,1.10968E-03,6.62323E-05,1.02929E-03,6.61104E-05,9.45101E-04,6.62344E-05,8.58466E-04,6.65629E-05,7.69948E-04,6.64320E-05,6.77834E-04,6.69437E-05,5.88874E-04,6.72830E-05,5.17676E-04,6.81788E-05,5.12981E-04,7.27653E-05,1.56224E-03,6.70842E-05,1.55799E-03,6.62656E-05,1.53936E-03,6.68962E-05,1.51803E-03,6.62465E-05,1.48894E-03,6.58205E-05,1.45517E-03,6.65427E-05,1.41375E-03,6.62415E-05,1.37160E-03,6.62417E-05,1.31764E-03,6.59439E-05,1.26706E-03,6.56800E-05,1.19836E-03,6.59587E-05,1.13278E-03,6.64051E-05,1.05844E-03,6.61715E-05,9.83333E-04,6.57949E-05,9.04947E-04,6.62180E-05,8.22461E-04,6.65120E-05,7.35114E-04,6.69077E-05,6.47496E-04,6.64486E-05,5.63244E-04,6.69517E-05,4.94651E-04,6.81173E-05,4.90703E-04,7.29115E-05,1.48857E-03,6.72641E-05,1.47775E-03,6.65220E-05,1.46363E-03,6.60782E-05,1.44272E-03,6.66044E-05,1.41662E-03,6.63151E-05,1.38539E-03,6.59829E-05,1.34710E-03,6.62397E-05,1.30178E-03,6.60956E-05,1.25490E-03,6.63946E-05,1.19821E-03,6.61308E-05,1.14223E-03,6.60238E-05,1.07630E-03,6.62286E-05,1.00608E-03,6.60320E-05,9.36561E-04,6.65742E-05,8.60723E-04,6.60610E-05,7.82246E-04,6.66405E-05,6.99932E-04,6.64212E-05,6.15380E-04,6.65120E-05,5.33654E-04,6.69239E-05,4.70069E-04,6.77440E-05,4.66401E-04,7.23946E-05,1.40170E-03,6.68465E-05,1.39705E-03,6.69485E-05,1.38408E-03,6.60026E-05,1.36462E-03,6.63059E-05,1.33869E-03,6.60474E-05,1.30822E-03,6.61646E-05,1.26967E-03,6.60724E-05,1.23133E-03,6.61437E-05,1.18383E-03,6.63484E-05,1.13013E-03,6.59941E-05,1.07700E-03,6.60401E-05,1.01352E-03,6.60710E-05,9.53339E-04,6.66160E-05,8.85781E-04,6.61018E-05,8.12061E-04,6.59647E-05,7.37617E-04,6.67799E-05,6.60282E-04,6.63584E-05,5.80448E-04,6.69613E-05,5.04218E-04,6.73295E-05,4.43987E-04,6.85366E-05,4.39577E-04,7.27906E-05,1.31739E-03,6.73584E-05,1.31112E-03,6.63685E-05,1.29675E-03,6.58715E-05,1.27671E-03,6.61986E-05,1.25369E-03,6.60646E-05,1.22601E-03,6.65127E-05,1.19130E-03,6.66460E-05,1.14971E-03,6.64135E-05,1.10852E-03,6.64956E-05,1.05850E-03,6.64161E-05,1.00833E-03,6.61311E-05,9.50903E-04,6.61837E-05,8.93220E-04,6.61274E-05,8.28744E-04,6.62284E-05,7.60600E-04,6.59802E-05,6.90119E-04,6.63909E-05,6.17251E-04,6.62178E-05,5.43124E-04,6.66205E-05,4.72741E-04,6.71187E-05,4.14734E-04,6.80653E-05,4.11801E-04,7.23827E-05,1.22445E-03,6.69582E-05,1.21660E-03,6.66112E-05,1.20751E-03,6.64428E-05,1.18686E-03,6.66323E-05,1.16553E-03,6.60548E-05,1.13873E-03,6.60689E-05,1.10594E-03,6.61941E-05,1.06959E-03,6.61829E-05,1.03051E-03,6.62710E-05,9.85060E-04,6.59841E-05,9.34337E-04,6.65259E-05,8.84151E-04,6.62735E-05,8.29680E-04,6.58392E-05,7.69859E-04,6.61065E-05,7.06265E-04,6.61303E-05,6.41087E-04,6.66992E-05,5.74000E-04,6.64816E-05,5.04421E-04,6.67081E-05,4.39342E-04,6.67145E-05,3.85044E-04,6.89391E-05,3.81326E-04,7.28280E-05,1.12594E-03,6.71997E-05,1.11763E-03,6.67526E-05,1.10528E-03,6.61685E-05,1.09183E-03,6.66107E-05,1.07300E-03,6.61099E-05,1.04876E-03,6.62630E-05,1.01752E-03,6.65333E-05,9.82757E-04,6.61837E-05,9.45872E-04,6.63630E-05,9.03039E-04,6.64283E-05,8.59548E-04,6.62413E-05,8.11678E-04,6.64752E-05,7.59945E-04,6.59357E-05,7.07052E-04,6.65907E-05,6.48918E-04,6.63631E-05,5.88588E-04,6.69066E-05,5.27235E-04,6.63706E-05,4.62631E-04,6.67450E-05,4.02309E-04,6.73422E-05,3.53408E-04,6.85452E-05,3.50107E-04,7.38075E-05,1.02225E-03,6.69271E-05,1.01476E-03,6.67954E-05,1.00530E-03,6.62069E-05,9.91172E-04,6.69351E-05,9.73116E-04,6.63865E-05,9.51101E-04,6.63401E-05,9.22919E-04,