seed = 2139431945;
pop = 117000;
Inactive_Cycles = 1525;
Active_Cycles = 950;
Total_CPU_Time = 7.19556E+05;
Total_Transport_Time = 9.28174E+03;
Time_Per_Integration = 1.05453E-09;
Clock_Time = 9.56016E+03;
keff_keff = [ 1.07696E+00,2.36269E-05];
fissionRate_fissionRate = reshape([ 6.79511E-05,7.38903E-05,6.70840E-05,7.38632E-05,6.65947E-05,7.39230E-05,6.65512E-05,7.39543E-05,6.66012E-05,7.38990E-05,6.66701E-05,7.37317E-05,6.61899E-05,7.39762E-05,6.58643E-05,7.40323E-05,6.56679E-05,7.37258E-05,6.50930E-05,7.36777E-05,6.47296E-05,7.36867E-05,6.45296E-05,7.34435E-05,6.38764E-05,7.36034E-05,6.33994E-05,7.33688E-05,6.35268E-05,7.32188E-05,6.52006E-05,7.25360E-05,7.07814E-05,7.12380E-05,6.20964E-05,6.44550E-05,6.58562E-05,6.35393E-05,6.70897E-05,6.32205E-05,6.71273E-05,6.30360E-05,6.62920E-05,6.28594E-05,6.49924E-05,6.26542E-05,6.25433E-05,6.27505E-05,6.00361E-05,6.28384E-05,5.75073E-05,6.25103E-05,5.42133E-05,6.26009E-05,5.09716E-05,6.25416E-05,4.77839E-05,6.23967E-05,4.40248E-05,6.24918E-05,4.04542E-05,6.25628E-05,3.74460E-05,6.26392E-05,3.60596E-05,6.26643E-05,3.88630E-05,6.50368E-05,4.63217E-05,5.90127E-05,5.83498E-05,6.63200E-05,5.71969E-05,6.61451E-05,5.75524E-05,6.63654E-05,5.84721E-05,6.67618E-05,6.08206E-05,6.76780E-05,5.78127E-05,6.69509E-05,5.73962E-05,6.69188E-05,5.95613E-05,6.74136E-05,5.67476E-05,6.69044E-05,5.64706E-05,6.69336E-05,5.88365E-05,6.74169E-05,5.60891E-05,6.65807E-05,5.49634E-05,6.58421E-05,5.49318E-05,6.58671E-05,5.81995E-05,6.63280E-05,5.17340E-05,6.02937E-05,4.83343E-05,5.30332E-05,5.29110E-05,5.33238E-05,5.50456E-05,5.35819E-05,5.60870E-05,5.39772E-05,5.62184E-05,5.42560E-05,5.68415E-05,5.50554E-05,5.31395E-05,5.42718E-05,5.09301E-05,5.42535E-05,5.02413E-05,5.48862E-05,4.60640E-05,5.42589E-05,4.33204E-05,5.41529E-05,4.19202E-05,5.48561E-05,3.76835E-05,5.43706E-05,3.44357E-05,5.41460E-05,3.19288E-05,5.44922E-05,3.14511E-05,5.61563E-05,3.60648E-05,6.26372E-05,4.21622E-05,5.32584E-05,5.23729E-05,5.89165E-05,5.23146E-05,5.98104E-05,5.54454E-05,6.24833E-05,5.58473E-05,6.30349E-05,0.00000E+00,0.00000E+00,5.32770E-05,6.19112E-05,5.27309E-05,6.17093E-05,0.00000E+00,0.00000E+00,5.21596E-05,6.17046E-05,5.19950E-05,6.17893E-05,0.00000E+00,0.00000E+00,5.35489E-05,6.27585E-05,5.29128E-05,6.22022E-05,5.03887E-05,5.96646E-05,5.29087E-05,6.01862E-05,4.84933E-05,5.66265E-05,4.59885E-05,4.84761E-05,5.13008E-05,4.97343E-05,5.48416E-05,5.09593E-05,5.82825E-05,5.27830E-05,5.84797E-05,5.29153E-05,0.00000E+00,0.00000E+00,5.44895E-05,5.29199E-05,5.21114E-05,5.23228E-05,0.00000E+00,0.00000E+00,4.72192E-05,5.29046E-05,4.43654E-05,5.23162E-05,0.00000E+00,0.00000E+00,3.93602E-05,5.35242E-05,3.61486E-05,5.34239E-05,3.25180E-05,5.26243E-05,3.19172E-05,5.43768E-05,3.74361E-05,6.25032E-05,4.38734E-05,5.21620E-05,5.51879E-05,5.80868E-05,5.79591E-05,6.11430E-05,0.00000E+00,0.00000E+00,5.72443E-05,6.20048E-05,6.19080E-05,6.29334E-05,5.70908E-05,5.99388E-05,5.64240E-05,5.96230E-05,5.90574E-05,6.22277E-05,5.57985E-05,5.96285E-05,5.57340E-05,5.97267E-05,5.97934E-05,6.26189E-05,5.47623E-05,6.15879E-05,0.00000E+00,0.00000E+00,5.57614E-05,6.10307E-05,5.58173E-05,5.92374E-05,5.07351E-05,5.58991E-05,4.81110E-05,4.72318E-05,5.43527E-05,4.89244E-05,6.04037E-05,5.16421E-05,0.00000E+00,0.00000E+00,6.17623E-05,5.22233E-05,5.97352E-05,5.18209E-05,5.50430E-05,5.07589E-05,5.26043E-05,5.04541E-05,5.20307E-05,5.16235E-05,4.75453E-05,5.06339E-05,4.48412E-05,5.05850E-05,4.40615E-05,5.17267E-05,4.14213E-05,5.21874E-05,0.00000E+00,0.00000E+00,3.61530E-05,5.33847E-05,3.44222E-05,5.41555E-05,4.04319E-05,6.25781E-05,4.75661E-05,5.21696E-05,6.09478E-05,5.92760E-05,6.37291E-05,6.22133E-05,6.18915E-05,6.13497E-05,6.50177E-05,6.14900E-05,6.57270E-05,6.27813E-05,6.07348E-05,5.93696E-05,6.01215E-05,5.93109E-05,6.35040E-05,6.21964E-05,5.94235E-05,5.91432E-05,5.92716E-05,5.91494E-05,6.34580E-05,6.25327E-05,6.22276E-05,6.11372E-05,5.88910E-05,6.10021E-05,6.11937E-05,6.19162E-05,6.13686E-05,6.01551E-05,5.47853E-05,5.57194E-05,5.18969E-05,4.70814E-05,5.91699E-05,4.93344E-05,6.56620E-05,5.17769E-05,6.66447E-05,5.15493E-05,6.39340E-05,5.09318E-05,6.38244E-05,5.20749E-05,5.89015E-05,5.05983E-05,5.63472E-05,5.04014E-05,5.59659E-05,5.18752E-05,5.09999E-05,5.04930E-05,4.80198E-05,5.03021E-05,4.71207E-05,5.19668E-05,4.30192E-05,5.12510E-05,4.14334E-05,5.21506E-05,3.93467E-05,5.34753E-05,3.76556E-05,5.44340E-05,4.40152E-05,6.25568E-05,5.18364E-05,5.20482E-05,6.90341E-05,6.07735E-05,0.00000E+00,0.00000E+00,7.33827E-05,6.28953E-05,7.10607E-05,6.19970E-05,0.00000E+00,0.00000E+00,6.91907E-05,6.14400E-05,6.85878E-05,6.11982E-05,0.00000E+00,0.00000E+00,6.77961E-05,6.12795E-05,6.74065E-05,6.12310E-05,0.00000E+00,0.00000E+00,6.79168E-05,6.16140E-05,6.96577E-05,6.29054E-05,0.00000E+00,0.00000E+00,6.91991E-05,6.12961E-05,5.94603E-05,5.56645E-05,5.62966E-05,4.72487E-05,6.59260E-05,5.06527E-05,0.00000E+00,0.00000E+00,7.10940E-05,5.11715E-05,6.99042E-05,5.13303E-05,0.00000E+00,0.00000E+00,6.56089E-05,5.16801E-05,6.28045E-05,5.10923E-05,0.00000E+00,0.00000E+00,5.68602E-05,5.16464E-05,5.34185E-05,5.09647E-05,0.00000E+00,0.00000E+00,4.71163E-05,5.19991E-05,4.40325E-05,5.17337E-05,0.00000E+00,0.00000E+00,4.18938E-05,5.50321E-05,4.77905E-05,6.25055E-05,5.55543E-05,5.21160E-05,7.07022E-05,5.86933E-05,7.12635E-05,5.99870E-05,7.33039E-05,5.95414E-05,7.13779E-05,5.89494E-05,7.46060E-05,6.08056E-05,7.01636E-05,5.84873E-05,6.98456E-05,5.83234E-05,7.34204E-05,6.04259E-05,6.89528E-05,5.82539E-05,6.83328E-05,5.83567E-05,7.17899E-05,6.05922E-05,6.80827E-05,5.86051E-05,6.94809E-05,5.92256E-05,6.81389E-05,5.98884E-05,7.08343E-05,5.96812E-05,6.34768E-05,5.56780E-05,5.99365E-05,4.69510E-05,6.80094E-05,4.87484E-05,7.42212E-05,5.05363E-05,7.22711E-05,4.98943E-05,7.13566E-05,4.99341E-05,7.23546E-05,5.09948E-05,6.73021E-05,5.00339E-05,6.45311E-05,4.99352E-05,6.39981E-05,5.08955E-05,5.83900E-05,5.00898E-05,5.48449E-05,4.99424E-05,5.34046E-05,5.09845E-05,4.80073E-05,5.02867E-05,4.48474E-05,5.04692E-05,4.43696E-05,5.22764E-05,4.33234E-05,5.41943E-05,5.09549E-05,6.27111E-05,5.96468E-05,5.21511E-05,7.59768E-05,5.89692E-05,7.69096E-05,6.11344E-05,7.86054E-05,5.99912E-05,7.66913E-05,5.92536E-05,8.07276E-05,6.22400E-05,7.56991E-05,5.88994E-05,7.58697E-05,5.85147E-05,8.11314E-05,6.11372E-05,7.48289E-05,5.85873E-05,7.35983E-05,5.86507E-05,7.75158E-05,6.17822E-05,7.28950E-05,5.89060E-05,7.42852E-05,5.96776E-05,7.32057E-05,6.08294E-05,7.57556E-05,5.99638E-05,6.77173E-05,5.57615E-05,6.39226E-05,4.69059E-05,7.25616E-05,4.89486E-05,7.91265E-05,5.12215E-05,7.68122E-05,4.99524E-05,7.58556E-05,5.01509E-05,7.71145E-05,5.15616E-05,7.17080E-05,5.01961E-05,6.87752E-05,5.00961E-05,6.83599E-05,5.14888E-05,6.22054E-05,5.01925E-05,5.83807E-05,5.00304E-05,5.68766E-05,5.14848E-05,5.09886E-05,5.04587E-05,4.75347E-05,5.07325E-05,4.71887E-05,5.28358E-05,4.60471E-05,5.43078E-05,5.41737E-05,6.26915E-05,6.39163E-05,5.22316E-05,8.48529E-05,6.07375E-05,0.00000E+00,0.00000E+00,8.83935E-05,6.25482E-05,8.64469E-05,6.15195E-05,0.00000E+00,0.00000E+00,8.55098E-05,6.12439E-05,8.64452E-05,6.04566E-05,2.14449E-09,2.23616E-05,8.52634E-05,6.06164E-05,8.28694E-05,6.11238E-05,0.00000E+00,0.00000E+00,8.19590E-05,6.14307E-05,8.31640E-05,6.23112E-05,0.00000E+00,0.00000E+00,8.39675E-05,6.13152E-05,7.22054E-05,5.57873E-05,6.81733E-05,4.71240E-05,7.95543E-05,5.05285E-05,0.00000E+00,0.00000E+00,8.44533E-05,5.09895E-05,8.33243E-05,5.11523E-05,0.00000E+00,0.00000E+00,7.87838E-05,5.15082E-05,7.55075E-05,5.11362E-05,2.00116E-09,1.46032E-05,6.83396E-05,5.15420E-05,6.40171E-05,5.08893E-05,0.00000E+00,0.00000E+00,5.59256E-05,5.17861E-05,5.20111E-05,5.15462E-05,0.00000E+00,0.00000E+00,5.02132E-05,5.49097E-05,5.74882E-05,6.25248E-05,6.74567E-05,5.21522E-05,8.58141E-05,5.88047E-05,8.64809E-05,5.99710E-05,8.88576E-05,5.97522E-05,8.67962E-05,5.89002E-05,9.09827E-05,6.09472E-05,8.54741E-05,5.85064E-05,8.53310E-05,5.82772E-05,9.04623E-05,6.01236E-05,8.39441E-05,5.82354E-05,8.25588E-05,5.86033E-05,8.65282E-05,6.08963E-05,8.17604E-05,5.87155E-05,8.32446E-05,5.93910E-05,8.15984E-05,6.00218E-05,8.46962E-05,