seed = 1878312236;
pop = 1750;
Inactive_Cycles = 1000;
Active_Cycles = 2600;
Total_CPU_Time = 3.46029E+03;
Total_Transport_Time = 3.49436E+02;
Time_Per_Integration = 5.53209E-09;
Clock_Time = 3.78027E+02;
sensitivity = -7.54661E-05;
keff_keff = [ 1.18676E+00,1.46250E-04];
Adjoint_keff_Adjoint_keff = [ 1.18676E+00,5.81668E-05];
fissionRate_fissionRate = reshape([ 9.02132E-05,5.07913E-04,8.96642E-05,5.07701E-04,8.91561E-05,5.08152E-04,8.93325E-05,5.04904E-04,8.88568E-05,5.04571E-04,8.89334E-05,5.01938E-04,8.77896E-05,5.00666E-04,8.73517E-05,5.02258E-04,8.70345E-05,5.02877E-04,8.52580E-05,5.03925E-04,8.44761E-05,5.03807E-04,8.41312E-05,5.02119E-04,8.24121E-05,5.04062E-04,8.06358E-05,5.01459E-04,7.97807E-05,5.05054E-04,8.08760E-05,5.01165E-04,8.74549E-05,4.91206E-04,7.64545E-05,4.45836E-04,8.04410E-05,4.42838E-04,8.15347E-05,4.38701E-04,8.07037E-05,4.37065E-04,7.92962E-05,4.36508E-04,7.73452E-05,4.36600E-04,7.36055E-05,4.42491E-04,7.05360E-05,4.40099E-04,6.66821E-05,4.37139E-04,6.27613E-05,4.32717E-04,5.87266E-05,4.36534E-04,5.48239E-05,4.37365E-04,5.02828E-05,4.37457E-04,4.60239E-05,4.39921E-04,4.22856E-05,4.38582E-04,4.07665E-05,4.41214E-04,4.39203E-05,4.54994E-04,6.19276E-05,4.06055E-04,7.82099E-05,4.56255E-04,7.69424E-05,4.50373E-04,7.81692E-05,4.44273E-04,7.95121E-05,4.47314E-04,8.31323E-05,4.51580E-04,7.81098E-05,4.48282E-04,7.70418E-05,4.46725E-04,8.05152E-05,4.49170E-04,7.58128E-05,4.49069E-04,7.47401E-05,4.49404E-04,7.84820E-05,4.48452E-04,7.33412E-05,4.47186E-04,7.08215E-05,4.43405E-04,6.95602E-05,4.46097E-04,7.28349E-05,4.49827E-04,6.42176E-05,4.14948E-04,5.95081E-05,3.68271E-04,6.45269E-05,3.69905E-04,6.65885E-05,3.70466E-04,6.74630E-05,3.76876E-04,6.72498E-05,3.75065E-04,6.76096E-05,3.83104E-04,6.25131E-05,3.79614E-04,5.98675E-05,3.79634E-04,5.85212E-05,3.83778E-04,5.34794E-05,3.78152E-04,5.00618E-05,3.79724E-04,4.82042E-05,3.87170E-04,4.29299E-05,3.83253E-04,3.91813E-05,3.81435E-04,3.61770E-05,3.83036E-04,3.54599E-05,3.93893E-04,4.09266E-05,4.38711E-04,5.68709E-05,3.71125E-04,7.09873E-05,4.03280E-04,7.15908E-05,4.08962E-04,7.75553E-05,4.18654E-04,7.83749E-05,4.18041E-04,0.00000E+00,0.00000E+00,7.39855E-05,4.14907E-04,7.25891E-05,4.11991E-04,0.00000E+00,0.00000E+00,7.12108E-05,4.14045E-04,7.05618E-05,4.10743E-04,0.00000E+00,0.00000E+00,7.22109E-05,4.17826E-04,7.04368E-05,4.15281E-04,6.53813E-05,4.05503E-04,6.70116E-05,4.05502E-04,6.05514E-05,3.88398E-04,5.69020E-05,3.39333E-04,6.30564E-05,3.45769E-04,6.69256E-05,3.53369E-04,7.05139E-05,3.68759E-04,7.03921E-05,3.68379E-04,0.00000E+00,0.00000E+00,6.45416E-05,3.74579E-04,6.13997E-05,3.65282E-04,0.00000E+00,0.00000E+00,5.49017E-05,3.73571E-04,5.14654E-05,3.68207E-04,0.00000E+00,0.00000E+00,4.50266E-05,3.76714E-04,4.12444E-05,3.75386E-04,3.69669E-05,3.70063E-04,3.61673E-05,3.81734E-04,4.26149E-05,4.35432E-04,5.99001E-05,3.65367E-04,7.59970E-05,3.94644E-04,8.16555E-05,4.10280E-04,0.00000E+00,0.00000E+00,8.10191E-05,4.13724E-04,8.70215E-05,4.16607E-04,7.90879E-05,3.98424E-04,7.75333E-05,4.00942E-04,8.16298E-05,4.12416E-04,7.57062E-05,4.02794E-04,7.54208E-05,4.01679E-04,8.16775E-05,4.19501E-04,7.47577E-05,4.09837E-04,0.00000E+00,0.00000E+00,7.41256E-05,4.11591E-04,7.17458E-05,4.02086E-04,6.37332E-05,3.86114E-04,5.98212E-05,3.29766E-04,6.71601E-05,3.41900E-04,7.43232E-05,3.58945E-04,0.00000E+00,0.00000E+00,7.46145E-05,3.66205E-04,7.17472E-05,3.64767E-04,6.58531E-05,3.53512E-04,6.22502E-05,3.55929E-04,6.13209E-05,3.62241E-04,5.54565E-05,3.56571E-04,5.22991E-05,3.54621E-04,5.09645E-05,3.64255E-04,4.75574E-05,3.67512E-04,0.00000E+00,0.00000E+00,4.11195E-05,3.75742E-04,3.91881E-05,3.79051E-04,4.60792E-05,4.40171E-04,6.58197E-05,3.63657E-04,8.55081E-05,4.00880E-04,9.14825E-05,4.15133E-04,8.91020E-05,4.10180E-04,9.18956E-05,4.13849E-04,9.33844E-05,4.20711E-04,8.47522E-05,3.99706E-04,8.32215E-05,3.99298E-04,8.85081E-05,4.17391E-04,8.18300E-05,3.99410E-04,8.10550E-05,3.99108E-04,8.73643E-05,4.18313E-04,8.46841E-05,4.12604E-04,8.02929E-05,4.11470E-04,8.24896E-05,4.18291E-04,8.00792E-05,4.09289E-04,6.98251E-05,3.85466E-04,6.49131E-05,3.27358E-04,7.36764E-05,3.45027E-04,8.10921E-05,3.63751E-04,8.17011E-05,3.60686E-04,7.78493E-05,3.55628E-04,7.70745E-05,3.64392E-04,7.08795E-05,3.54675E-04,6.70887E-05,3.52938E-04,6.64999E-05,3.64136E-04,5.98586E-05,3.57832E-04,5.60651E-05,3.54928E-04,5.47084E-05,3.67085E-04,4.97509E-05,3.62127E-04,4.77134E-05,3.68590E-04,4.50519E-05,3.78811E-04,4.30716E-05,3.81427E-04,5.01628E-05,4.39280E-04,7.32212E-05,3.61384E-04,9.90699E-05,4.09585E-04,0.00000E+00,0.00000E+00,1.05657E-04,4.18104E-04,1.02308E-04,4.15246E-04,0.00000E+00,0.00000E+00,9.81355E-05,4.10969E-04,9.71070E-05,4.09564E-04,0.00000E+00,0.00000E+00,9.52654E-05,4.10994E-04,9.40339E-05,4.10376E-04,0.00000E+00,0.00000E+00,9.32577E-05,4.12443E-04,9.49234E-05,4.20172E-04,0.00000E+00,0.00000E+00,9.21551E-05,4.13240E-04,7.62094E-05,3.86053E-04,7.11565E-05,3.25486E-04,8.27523E-05,3.51130E-04,0.00000E+00,0.00000E+00,8.79293E-05,3.56114E-04,8.59961E-05,3.55789E-04,0.00000E+00,0.00000E+00,7.97114E-05,3.59889E-04,7.53573E-05,3.55687E-04,0.00000E+00,0.00000E+00,6.72652E-05,3.60654E-04,6.29921E-05,3.57316E-04,0.00000E+00,0.00000E+00,5.50380E-05,3.64213E-04,5.10802E-05,3.64022E-04,0.00000E+00,0.00000E+00,4.82031E-05,3.83177E-04,5.48802E-05,4.35293E-04,7.94450E-05,3.61920E-04,1.01918E-04,3.96891E-04,1.04040E-04,4.02090E-04,1.05336E-04,3.99660E-04,1.02498E-04,3.96858E-04,1.07684E-04,4.07465E-04,9.99193E-05,3.94506E-04,9.89114E-05,3.91694E-04,1.03738E-04,4.04620E-04,9.63664E-05,3.93365E-04,9.49623E-05,3.89783E-04,9.99114E-05,4.04820E-04,9.34733E-05,3.95609E-04,9.42752E-05,3.99692E-04,9.27934E-05,4.04457E-04,9.35077E-05,4.03920E-04,8.17692E-05,3.82549E-04,7.67167E-05,3.27634E-04,8.59467E-05,3.39779E-04,9.33640E-05,3.50824E-04,9.02419E-05,3.48015E-04,8.83322E-05,3.45851E-04,8.89174E-05,3.56431E-04,8.20391E-05,3.50613E-04,7.81924E-05,3.50738E-04,7.69414E-05,3.54111E-04,6.95750E-05,3.52215E-04,6.50863E-05,3.48507E-04,6.28503E-05,3.58061E-04,5.62062E-05,3.54337E-04,5.21928E-05,3.56642E-04,5.15258E-05,3.64561E-04,4.99773E-05,3.79501E-04,5.86891E-05,4.40877E-04,8.63370E-05,3.61952E-04,1.10932E-04,3.99484E-04,1.14183E-04,4.10175E-04,1.15055E-04,4.01808E-04,1.11581E-04,3.96152E-04,1.18225E-04,4.15819E-04,1.09024E-04,3.97953E-04,1.07731E-04,3.97239E-04,1.13735E-04,4.12743E-04,1.05015E-04,3.95417E-04,1.03563E-04,3.94435E-04,1.09798E-04,4.14867E-04,1.01368E-04,3.96767E-04,1.02279E-04,4.03417E-04,1.00996E-04,4.08684E-04,1.01413E-04,4.07229E-04,8.85092E-05,3.82091E-04,8.23983E-05,3.27094E-04,9.26898E-05,3.40056E-04,1.00377E-04,3.56910E-04,9.69195E-05,3.46669E-04,9.46208E-05,3.48436E-04,9.57459E-05,3.60481E-04,8.77935E-05,3.50204E-04,8.38595E-05,3.49802E-04,8.22964E-05,3.58574E-04,7.45787E-05,3.54039E-04,6.99444E-05,3.50829E-04,6.75970E-05,3.58159E-04,5.99536E-05,3.53585E-04,5.56545E-05,3.57700E-04,5.51281E-05,3.70854E-04,5.34791E-05,3.76220E-04,6.27941E-05,4.37463E-04,9.38763E-05,3.58595E-04,1.26623E-04,4.09860E-04,0.00000E+00,0.00000E+00,1.32108E-04,4.16152E-04,1.28885E-04,4.07660E-04,0.00000E+00,0.00000E+00,1.25203E-04,4.08629E-04,1.23652E-04,4.08555E-04,3.06141E-09,1.47904E-04,1.20890E-04,4.09718E-04,1.19373E-04,4.08011E-04,0.00000E+00,0.00000E+00,1.16291E-04,4.11568E-04,1.17246E-04,4.14168E-04,0.00000E+00,0.00000E+00,1.15126E-04,4.12107E-04,9.56029E-05,3.83136E-04,8.89906E-05,3.26708E-04,1.02937E-04,3.48167E-04,0.00000E+00,0.00000E+00,1.07695E-04,3.54178E-04,1.04594E-04,3.57762E-04,0.00000E+00,0.00000E+00,9.78748E-05,3.63268E-04,9.28913E-05,3.53034E-04,2.44832E-09,1.00649E-04,8.27028E-05,3.59928E-04,7.67687E-05,3.55089E-04,0.00000E+00,0.00000E+00,6.65610E-05,3.64212E-04,6.13079E-05,3.62283E-04,0.00000E+00,0.00000E+00,5.87944E-05,3.85491E-04,6.70468E-05,4.37019E-04,9.99874E-05,3.63346E-04,1.28854E-04,3.96403E-04,1.31336E-04,3.98251E-04,1.33100E-04,4.00417E-04,1.28879E-04,3.90919E-04,1.35333E-04,4.04293E-04,1.25813E-04,3.91656E-04,1.24108E-04,3.94210E-04,1.31070E-04,4.05746E-04,1.21272E-04,3.91378E-04,1.19608E-04,3.92239E-04,1.25548E-04,4.03647E-04,