seed = 1338594728;
pop = 117000;
Inactive_Cycles = 1525;
Active_Cycles = 950;
Total_CPU_Time = 7.25776E+05;
Total_Transport_Time = 9.36360E+03;
Time_Per_Integration = 1.06384E-09;
Clock_Time = 9.64178E+03;
keff_keff = [ 1.07692E+00,2.38855E-05];
fissionRate_fissionRate = reshape([ 6.80615E-05,7.38895E-05,6.71993E-05,7.37495E-05,6.67084E-05,7.40673E-05,6.66397E-05,7.39409E-05,6.66205E-05,7.39998E-05,6.66950E-05,7.39465E-05,6.61906E-05,7.38408E-05,6.58011E-05,7.40834E-05,6.56774E-05,7.38333E-05,6.51301E-05,7.37563E-05,6.47316E-05,7.37815E-05,6.45580E-05,7.36578E-05,6.39342E-05,7.35716E-05,6.34646E-05,7.33294E-05,6.36245E-05,7.32596E-05,6.52870E-05,7.25976E-05,7.08662E-05,7.12504E-05,6.21812E-05,6.44454E-05,6.59016E-05,6.35037E-05,6.71414E-05,6.32389E-05,6.71468E-05,6.29936E-05,6.63811E-05,6.26759E-05,6.50212E-05,6.26382E-05,6.25734E-05,6.26926E-05,6.00571E-05,6.27098E-05,5.75204E-05,6.24224E-05,5.42111E-05,6.26179E-05,5.09640E-05,6.26275E-05,4.78011E-05,6.24400E-05,4.40463E-05,6.24791E-05,4.04699E-05,6.24906E-05,3.74636E-05,6.24343E-05,3.60779E-05,6.26903E-05,3.88794E-05,6.49992E-05,4.63533E-05,5.90422E-05,5.83930E-05,6.62557E-05,5.72787E-05,6.60696E-05,5.76040E-05,6.63235E-05,5.84832E-05,6.68611E-05,6.08194E-05,6.75560E-05,5.78418E-05,6.69135E-05,5.74334E-05,6.68974E-05,5.95919E-05,6.73570E-05,5.67827E-05,6.69523E-05,5.65348E-05,6.67962E-05,5.88853E-05,6.72719E-05,5.61440E-05,6.66155E-05,5.50226E-05,6.58215E-05,5.50109E-05,6.58163E-05,5.82421E-05,6.63929E-05,5.17734E-05,6.03326E-05,4.83658E-05,5.29709E-05,5.29657E-05,5.33197E-05,5.50884E-05,5.35720E-05,5.61549E-05,5.38470E-05,5.62479E-05,5.41929E-05,5.68909E-05,5.49582E-05,5.31798E-05,5.43731E-05,5.09557E-05,5.42326E-05,5.02679E-05,5.49348E-05,4.60932E-05,5.42042E-05,4.33258E-05,5.41408E-05,4.19464E-05,5.49224E-05,3.76836E-05,5.43657E-05,3.44538E-05,5.41656E-05,3.19315E-05,5.44271E-05,3.14652E-05,5.61562E-05,3.60728E-05,6.26587E-05,4.22002E-05,5.31922E-05,5.23898E-05,5.89938E-05,5.23372E-05,5.97156E-05,5.54889E-05,6.25413E-05,5.58572E-05,6.29230E-05,0.00000E+00,0.00000E+00,5.33303E-05,6.19458E-05,5.27451E-05,6.15813E-05,0.00000E+00,0.00000E+00,5.21820E-05,6.16995E-05,5.20741E-05,6.17450E-05,0.00000E+00,0.00000E+00,5.35916E-05,6.26007E-05,5.29571E-05,6.21864E-05,5.04609E-05,5.96534E-05,5.29366E-05,6.02561E-05,4.85637E-05,5.66409E-05,4.60341E-05,4.84304E-05,5.13334E-05,4.96233E-05,5.48804E-05,5.10148E-05,5.83154E-05,5.27474E-05,5.84867E-05,5.29459E-05,0.00000E+00,0.00000E+00,5.45454E-05,5.28895E-05,5.21452E-05,5.23033E-05,0.00000E+00,0.00000E+00,4.72333E-05,5.28374E-05,4.43831E-05,5.23403E-05,0.00000E+00,0.00000E+00,3.93788E-05,5.36082E-05,3.61801E-05,5.33636E-05,3.25668E-05,5.25964E-05,3.19227E-05,5.44166E-05,3.74688E-05,6.24464E-05,4.39002E-05,5.21082E-05,5.52259E-05,5.79790E-05,5.79846E-05,6.11733E-05,0.00000E+00,0.00000E+00,5.72334E-05,6.18860E-05,6.18984E-05,6.30421E-05,5.71273E-05,5.98689E-05,5.64691E-05,5.96700E-05,5.91039E-05,6.21690E-05,5.58382E-05,5.96214E-05,5.57907E-05,5.97032E-05,5.97883E-05,6.26805E-05,5.48232E-05,6.15655E-05,0.00000E+00,0.00000E+00,5.58082E-05,6.10015E-05,5.58643E-05,5.92596E-05,5.07653E-05,5.58683E-05,4.81580E-05,4.72582E-05,5.43593E-05,4.88774E-05,6.04326E-05,5.16502E-05,0.00000E+00,0.00000E+00,6.17913E-05,5.21833E-05,5.97756E-05,5.18379E-05,5.50531E-05,5.06922E-05,5.26027E-05,5.05008E-05,5.20548E-05,5.15899E-05,4.75741E-05,5.06503E-05,4.48730E-05,5.04931E-05,4.40933E-05,5.17648E-05,4.14292E-05,5.22654E-05,0.00000E+00,0.00000E+00,3.61649E-05,5.33996E-05,3.44633E-05,5.42226E-05,4.04937E-05,6.25435E-05,4.75871E-05,5.22050E-05,6.09860E-05,5.90749E-05,6.37288E-05,6.22663E-05,6.19106E-05,6.12092E-05,6.50514E-05,6.16386E-05,6.57711E-05,6.27732E-05,6.07796E-05,5.93681E-05,6.01854E-05,5.91120E-05,6.35441E-05,6.20732E-05,5.94875E-05,5.90962E-05,5.92801E-05,5.92060E-05,6.34891E-05,6.25887E-05,6.22334E-05,6.10153E-05,5.89436E-05,6.09728E-05,6.12050E-05,6.19706E-05,6.14840E-05,6.01644E-05,5.48512E-05,5.57363E-05,5.19012E-05,4.71188E-05,5.91911E-05,4.92873E-05,6.56937E-05,5.18184E-05,6.66911E-05,5.15898E-05,6.40000E-05,5.08870E-05,6.38729E-05,5.21121E-05,5.89659E-05,5.05502E-05,5.63793E-05,5.03029E-05,5.59710E-05,5.17974E-05,5.10147E-05,5.04968E-05,4.80468E-05,5.03666E-05,4.71513E-05,5.18947E-05,4.30301E-05,5.10916E-05,4.14332E-05,5.21222E-05,3.93499E-05,5.35464E-05,3.76814E-05,5.44226E-05,4.40342E-05,6.25770E-05,5.18820E-05,5.21090E-05,6.90811E-05,6.07550E-05,0.00000E+00,0.00000E+00,7.33764E-05,6.29768E-05,7.10830E-05,6.19148E-05,0.00000E+00,0.00000E+00,6.92269E-05,6.15986E-05,6.86265E-05,6.11897E-05,0.00000E+00,0.00000E+00,6.78602E-05,6.13055E-05,6.74104E-05,6.12712E-05,0.00000E+00,0.00000E+00,6.79488E-05,6.16169E-05,6.97223E-05,6.27245E-05,0.00000E+00,0.00000E+00,6.92609E-05,6.12979E-05,5.95163E-05,5.57327E-05,5.63157E-05,4.71555E-05,6.59676E-05,5.05096E-05,0.00000E+00,0.00000E+00,7.10752E-05,5.11830E-05,6.99715E-05,5.12880E-05,0.00000E+00,0.00000E+00,6.56994E-05,5.15361E-05,6.28284E-05,5.10443E-05,0.00000E+00,0.00000E+00,5.69187E-05,5.15182E-05,5.34348E-05,5.10247E-05,0.00000E+00,0.00000E+00,4.71180E-05,5.19418E-05,4.40604E-05,5.17977E-05,0.00000E+00,0.00000E+00,4.19185E-05,5.49736E-05,4.77748E-05,6.24382E-05,5.55887E-05,5.20865E-05,7.07413E-05,5.86744E-05,7.13293E-05,5.99575E-05,7.32935E-05,5.96521E-05,7.13890E-05,5.88393E-05,7.46146E-05,6.09296E-05,7.02094E-05,5.85343E-05,6.98732E-05,5.82377E-05,7.34515E-05,6.02619E-05,6.90231E-05,5.81706E-05,6.84181E-05,5.83046E-05,7.18268E-05,6.05652E-05,6.81132E-05,5.85202E-05,6.95156E-05,5.93337E-05,6.81718E-05,5.97017E-05,7.09051E-05,5.96730E-05,6.35303E-05,5.56575E-05,5.99718E-05,4.68914E-05,6.80198E-05,4.88870E-05,7.42436E-05,5.04937E-05,7.22711E-05,4.97987E-05,7.14110E-05,5.00225E-05,7.23861E-05,5.10156E-05,6.73444E-05,5.01347E-05,6.45682E-05,4.99616E-05,6.39869E-05,5.09004E-05,5.84010E-05,5.00021E-05,5.48657E-05,4.98884E-05,5.34460E-05,5.09773E-05,4.80353E-05,5.04258E-05,4.48459E-05,5.05223E-05,4.43744E-05,5.22907E-05,4.32868E-05,5.41892E-05,5.09589E-05,6.25524E-05,5.95939E-05,5.22061E-05,7.60439E-05,5.90380E-05,7.69735E-05,6.11008E-05,7.86017E-05,5.99841E-05,7.67040E-05,5.92826E-05,8.07602E-05,6.21136E-05,7.56610E-05,5.89045E-05,7.58682E-05,5.85556E-05,8.11624E-05,6.12423E-05,7.49167E-05,5.84969E-05,7.36395E-05,5.87265E-05,7.75557E-05,6.18704E-05,7.29590E-05,5.89549E-05,7.43085E-05,5.96088E-05,7.32512E-05,6.08458E-05,7.58330E-05,5.99618E-05,6.77717E-05,5.57482E-05,6.39672E-05,4.68902E-05,7.25740E-05,4.89569E-05,7.91789E-05,5.10713E-05,7.68247E-05,4.99672E-05,7.59096E-05,5.01169E-05,7.71673E-05,5.16462E-05,7.17339E-05,5.02025E-05,6.87964E-05,5.01214E-05,6.83767E-05,5.15249E-05,6.22291E-05,5.01805E-05,5.83705E-05,5.01041E-05,5.69083E-05,5.15513E-05,5.10205E-05,5.04195E-05,4.75806E-05,5.06203E-05,4.72051E-05,5.28050E-05,4.60697E-05,5.43493E-05,5.42201E-05,6.26618E-05,6.39356E-05,5.21738E-05,8.48994E-05,6.07924E-05,0.00000E+00,0.00000E+00,8.84399E-05,6.26166E-05,8.65067E-05,6.15859E-05,0.00000E+00,0.00000E+00,8.55126E-05,6.12586E-05,8.64708E-05,6.05696E-05,2.14606E-09,2.23887E-05,8.52926E-05,6.05951E-05,8.29531E-05,6.09533E-05,0.00000E+00,0.00000E+00,8.19455E-05,6.14486E-05,8.32423E-05,6.22792E-05,0.00000E+00,0.00000E+00,8.40894E-05,6.11898E-05,7.22681E-05,5.56812E-05,6.82709E-05,4.70740E-05,7.95759E-05,5.04350E-05,0.00000E+00,0.00000E+00,8.44461E-05,5.11287E-05,8.33872E-05,5.10185E-05,0.00000E+00,0.00000E+00,7.88134E-05,5.14651E-05,7.54984E-05,5.10269E-05,2.00180E-09,1.46020E-05,6.83436E-05,5.15686E-05,6.40701E-05,5.07459E-05,0.00000E+00,0.00000E+00,5.59794E-05,5.18907E-05,5.20372E-05,5.16159E-05,0.00000E+00,0.00000E+00,5.02296E-05,5.49016E-05,5.74797E-05,6.25807E-05,6.74317E-05,5.22862E-05,8.58303E-05,5.88110E-05,8.64502E-05,6.00118E-05,8.88705E-05,5.96127E-05,8.68137E-05,5.89031E-05,9.09838E-05,6.08936E-05,8.55148E-05,5.84843E-05,8.53374E-05,5.83043E-05,9.05080E-05,6.01031E-05,8.39784E-05,5.83731E-05,8.26213E-05,5.84329E-05,8.66168E-05,6.07410E-05,8.18194E-05,5.87768E-05,8.32904E-05,5.93525E-05,8.16319E-05,5.99088E-05,8.47439E-05,