seed = 2067553158;
pop = 1750;
Inactive_Cycles = 1000;
Active_Cycles = 2600;
Total_CPU_Time = 2.07201E+03;
Total_Transport_Time = 1.94452E+02;
Time_Per_Integration = 3.35950E-09;
Clock_Time = 2.05639E+02;
keff_keff = [ 1.18662E+00,1.52549E-04];
fissionRate_fissionRate = reshape([ 9.14274E-05,5.06165E-04,8.95654E-05,5.05398E-04,8.92172E-05,5.03216E-04,8.94847E-05,5.02916E-04,8.95254E-05,5.03991E-04,8.87406E-05,5.01526E-04,8.86377E-05,5.02532E-04,8.75531E-05,5.00780E-04,8.70037E-05,5.01890E-04,8.54581E-05,5.02064E-04,8.47341E-05,5.02267E-04,8.41890E-05,4.98621E-04,8.23647E-05,5.04667E-04,8.14369E-05,4.99877E-04,8.00102E-05,5.00400E-04,8.14782E-05,4.97703E-04,8.75913E-05,4.89036E-04,7.62717E-05,4.46713E-04,8.07247E-05,4.41639E-04,8.13870E-05,4.42059E-04,8.10068E-05,4.36426E-04,7.96855E-05,4.35612E-04,7.71982E-05,4.38475E-04,7.40660E-05,4.38933E-04,7.00528E-05,4.36530E-04,6.67234E-05,4.36763E-04,6.25822E-05,4.39629E-04,5.87147E-05,4.38050E-04,5.48865E-05,4.41729E-04,5.03945E-05,4.40983E-04,4.62071E-05,4.40221E-04,4.23511E-05,4.39896E-04,4.07945E-05,4.39841E-04,4.39386E-05,4.55687E-04,6.25916E-05,4.04343E-04,7.87528E-05,4.50514E-04,7.72410E-05,4.49290E-04,7.83333E-05,4.45940E-04,7.97714E-05,4.50814E-04,8.35877E-05,4.51072E-04,7.85428E-05,4.46869E-04,7.71678E-05,4.51390E-04,8.07276E-05,4.50473E-04,7.57521E-05,4.50270E-04,7.48949E-05,4.46578E-04,7.85085E-05,4.51559E-04,7.35095E-05,4.51027E-04,7.09284E-05,4.45393E-04,6.99327E-05,4.47576E-04,7.29035E-05,4.53210E-04,6.41253E-05,4.14415E-04,5.96519E-05,3.67921E-04,6.49401E-05,3.71243E-04,6.70215E-05,3.72741E-04,6.77831E-05,3.73378E-04,6.76018E-05,3.75706E-04,6.76026E-05,3.83854E-04,6.29427E-05,3.78411E-04,5.98226E-05,3.77978E-04,5.86095E-05,3.84270E-04,5.35517E-05,3.81326E-04,4.98743E-05,3.80828E-04,4.83677E-05,3.85018E-04,4.30898E-05,3.83098E-04,3.91820E-05,3.79684E-04,3.61546E-05,3.85208E-04,3.55423E-05,3.94949E-04,4.08650E-05,4.37606E-04,5.73860E-05,3.67550E-04,7.16457E-05,4.02930E-04,7.20046E-05,4.06141E-04,7.80822E-05,4.18173E-04,7.86497E-05,4.17307E-04,0.00000E+00,0.00000E+00,7.43290E-05,4.14649E-04,7.30164E-05,4.13907E-04,0.00000E+00,0.00000E+00,7.15713E-05,4.13489E-04,7.10593E-05,4.13229E-04,0.00000E+00,0.00000E+00,7.25349E-05,4.20403E-04,7.06706E-05,4.21273E-04,6.52781E-05,4.05898E-04,6.69558E-05,4.16308E-04,6.04260E-05,3.89817E-04,5.69233E-05,3.38502E-04,6.31282E-05,3.44030E-04,6.70966E-05,3.57723E-04,7.08302E-05,3.67717E-04,7.06255E-05,3.67095E-04,0.00000E+00,0.00000E+00,6.50189E-05,3.69416E-04,6.14253E-05,3.66601E-04,0.00000E+00,0.00000E+00,5.50221E-05,3.70287E-04,5.13577E-05,3.66999E-04,0.00000E+00,0.00000E+00,4.53543E-05,3.73625E-04,4.14181E-05,3.73633E-04,3.69539E-05,3.69432E-04,3.59827E-05,3.81037E-04,4.21511E-05,4.41716E-04,6.04908E-05,3.64194E-04,7.65983E-05,3.94441E-04,8.22453E-05,4.11524E-04,0.00000E+00,0.00000E+00,8.16184E-05,4.11456E-04,8.74312E-05,4.22225E-04,7.93612E-05,4.03515E-04,7.79707E-05,3.99295E-04,8.20811E-05,4.14693E-04,7.58467E-05,4.06012E-04,7.55697E-05,4.00161E-04,8.15505E-05,4.21055E-04,7.47708E-05,4.09022E-04,0.00000E+00,0.00000E+00,7.40149E-05,4.12518E-04,7.16025E-05,4.04763E-04,6.39977E-05,3.83903E-04,6.00458E-05,3.28869E-04,6.70840E-05,3.39575E-04,7.45747E-05,3.57006E-04,0.00000E+00,0.00000E+00,7.50711E-05,3.64810E-04,7.18538E-05,3.59475E-04,6.57292E-05,3.58198E-04,6.20446E-05,3.52273E-04,6.10640E-05,3.61102E-04,5.55534E-05,3.56348E-04,5.20981E-05,3.56597E-04,5.12207E-05,3.66318E-04,4.77633E-05,3.70063E-04,0.00000E+00,0.00000E+00,4.12489E-05,3.74880E-04,3.89776E-05,3.85396E-04,4.58108E-05,4.37343E-04,6.63785E-05,3.63947E-04,8.57376E-05,4.04645E-04,9.14462E-05,4.16097E-04,8.90139E-05,4.05094E-04,9.27802E-05,4.09346E-04,9.40626E-05,4.18458E-04,8.51954E-05,4.05514E-04,8.34044E-05,3.98167E-04,8.92125E-05,4.18422E-04,8.21636E-05,4.01231E-04,8.11272E-05,4.01538E-04,8.76450E-05,4.21028E-04,8.50317E-05,4.07722E-04,8.07025E-05,4.09445E-04,8.28459E-05,4.17321E-04,8.02797E-05,4.09174E-04,6.96122E-05,3.83268E-04,6.49749E-05,3.28208E-04,7.37212E-05,3.44705E-04,8.15481E-05,3.60706E-04,8.21487E-05,3.59753E-04,7.81020E-05,3.54811E-04,7.74304E-05,3.63422E-04,7.05915E-05,3.54878E-04,6.70259E-05,3.52879E-04,6.61963E-05,3.64152E-04,5.97433E-05,3.55765E-04,5.58766E-05,3.54853E-04,5.47444E-05,3.67825E-04,4.96748E-05,3.62583E-04,4.75011E-05,3.68286E-04,4.50396E-05,3.78297E-04,4.28631E-05,3.81618E-04,5.01453E-05,4.37145E-04,7.32349E-05,3.62549E-04,9.92190E-05,4.09294E-04,0.00000E+00,0.00000E+00,1.06619E-04,4.18122E-04,1.02926E-04,4.11046E-04,0.00000E+00,0.00000E+00,9.88925E-05,4.08616E-04,9.75415E-05,4.12581E-04,0.00000E+00,0.00000E+00,9.54760E-05,4.12423E-04,9.43896E-05,4.11213E-04,0.00000E+00,0.00000E+00,9.42300E-05,4.11702E-04,9.56925E-05,4.18529E-04,0.00000E+00,0.00000E+00,9.21014E-05,4.13055E-04,7.63922E-05,3.83318E-04,7.16488E-05,3.27735E-04,8.30781E-05,3.54255E-04,0.00000E+00,0.00000E+00,8.80645E-05,3.54203E-04,8.59165E-05,3.56381E-04,0.00000E+00,0.00000E+00,7.94893E-05,3.60580E-04,7.52713E-05,3.58974E-04,0.00000E+00,0.00000E+00,6.69153E-05,3.62272E-04,6.27283E-05,3.60821E-04,0.00000E+00,0.00000E+00,5.45301E-05,3.67534E-04,5.08392E-05,3.65794E-04,0.00000E+00,0.00000E+00,4.80717E-05,3.82756E-04,5.46631E-05,4.35501E-04,7.90925E-05,3.60967E-04,1.01591E-04,3.95061E-04,1.04353E-04,4.00525E-04,1.05643E-04,4.01886E-04,1.02673E-04,3.96953E-04,1.08361E-04,4.04282E-04,1.00042E-04,3.92089E-04,9.89466E-05,3.92761E-04,1.04091E-04,4.05187E-04,9.63312E-05,3.95415E-04,9.53237E-05,3.93871E-04,1.00698E-04,4.04917E-04,9.33243E-05,3.91988E-04,9.43769E-05,4.01326E-04,9.28113E-05,4.04500E-04,9.36408E-05,4.07418E-04,8.19019E-05,3.83013E-04,7.66518E-05,3.27833E-04,8.62298E-05,3.41863E-04,9.33385E-05,3.48029E-04,8.99917E-05,3.47215E-04,8.83298E-05,3.47894E-04,8.89164E-05,3.58695E-04,8.18470E-05,3.51118E-04,7.80756E-05,3.51306E-04,7.64785E-05,3.53801E-04,6.92941E-05,3.51297E-04,6.48331E-05,3.46650E-04,6.26105E-05,3.58603E-04,5.61116E-05,3.54318E-04,5.20295E-05,3.55689E-04,5.12780E-05,3.66692E-04,4.99556E-05,3.81697E-04,5.85991E-05,4.36468E-04,8.58121E-05,3.60240E-04,1.10878E-04,4.02101E-04,1.14193E-04,4.12542E-04,1.15056E-04,4.04571E-04,1.11597E-04,3.98306E-04,1.18516E-04,4.15441E-04,1.09208E-04,3.96587E-04,1.07735E-04,3.97570E-04,1.14367E-04,4.13356E-04,1.05337E-04,3.98304E-04,1.04175E-04,3.96476E-04,1.09736E-04,4.16144E-04,1.01400E-04,3.98158E-04,1.02368E-04,4.01533E-04,1.01298E-04,4.11363E-04,1.01901E-04,4.05017E-04,8.83753E-05,3.82681E-04,8.24465E-05,3.24998E-04,9.25928E-05,3.40982E-04,1.00220E-04,3.57347E-04,9.66720E-05,3.47580E-04,9.42127E-05,3.48282E-04,9.54583E-05,3.61930E-04,8.80524E-05,3.51383E-04,8.41405E-05,3.50469E-04,8.22658E-05,3.61540E-04,7.41673E-05,3.51599E-04,6.93826E-05,3.53584E-04,6.70508E-05,3.61484E-04,5.99479E-05,3.54060E-04,5.55002E-05,3.57878E-04,5.50986E-05,3.74148E-04,5.34023E-05,3.81385E-04,6.25782E-05,4.39670E-04,9.34724E-05,3.62256E-04,1.26833E-04,4.09676E-04,0.00000E+00,0.00000E+00,1.32415E-04,4.17972E-04,1.28571E-04,4.09119E-04,0.00000E+00,0.00000E+00,1.25977E-04,4.09959E-04,1.24199E-04,4.07386E-04,3.06795E-09,1.47131E-04,1.21325E-04,4.10253E-04,1.19144E-04,4.09497E-04,0.00000E+00,0.00000E+00,1.17067E-04,4.07987E-04,1.17450E-04,4.17853E-04,0.00000E+00,0.00000E+00,1.15151E-04,4.11655E-04,9.52918E-05,3.84779E-04,8.86446E-05,3.26632E-04,1.02695E-04,3.47639E-04,0.00000E+00,0.00000E+00,1.07286E-04,3.55910E-04,1.05104E-04,3.57099E-04,0.00000E+00,0.00000E+00,9.71897E-05,3.60564E-04,9.25614E-05,3.56036E-04,2.42813E-09,1.02183E-04,8.26651E-05,3.60097E-04,7.65873E-05,3.59440E-04,0.00000E+00,0.00000E+00,6.60297E-05,3.61451E-04,6.09826E-05,3.60207E-04,0.00000E+00,0.00000E+00,5.85652E-05,3.87898E-04,6.67793E-05,4.38785E-04,1.00593E-04,3.61524E-04,1.28791E-04,3.96874E-04,1.31208E-04,4.02524E-04,1.33368E-04,3.99731E-04,1.29684E-04,3.93371E-04,1.36197E-04,4.11050E-04,1.25799E-04,3.91523E-04,1.24617E-04,3.92669E-04,1.30947E-04,4.05048E-04,1.21267E-04,3.95106E-04,1.19566E-04,3.94664E-04,1.25438E-04,4.07573E-04,1.16807E-04,3.95204E-04,1.17733E-04,4.00204E-04,1.15647E-04,4.00375E-04,1.15598E-04,