seed = -605300783;
pop = 1750;
Inactive_Cycles = 1000;
Active_Cycles = 2600;
Total_CPU_Time = 4.18052E+03;
Total_Transport_Time = 4.00397E+02;
Time_Per_Integration = 6.91917E-09;
Clock_Time = 4.20464E+02;
keff_keff = [ 1.18676E+00,1.56374E-04];
fissionRate_fissionRate = reshape([ 9.08484E-05,6.57889E-04,8.98112E-05,6.20914E-04,8.91150E-05,6.09694E-04,8.90894E-05,6.04905E-04,8.99393E-05,6.02209E-04,8.95320E-05,5.95818E-04,8.81817E-05,5.96862E-04,8.75892E-05,6.03348E-04,8.66121E-05,6.03065E-04,8.56812E-05,6.13697E-04,8.48355E-05,5.97094E-04,8.37294E-05,5.98476E-04,8.19212E-05,5.86250E-04,8.07186E-05,5.69763E-04,8.00022E-05,5.77231E-04,8.11055E-05,5.72100E-04,8.72316E-05,5.65525E-04,7.61663E-05,5.42063E-04,7.98659E-05,5.34162E-04,8.09471E-05,5.37345E-04,8.06113E-05,5.43141E-04,7.91386E-05,5.39942E-04,7.68472E-05,5.34432E-04,7.35369E-05,5.38372E-04,7.00148E-05,5.37816E-04,6.70121E-05,5.39427E-04,6.24109E-05,5.33432E-04,5.84794E-05,5.28578E-04,5.47994E-05,5.30090E-04,5.00185E-05,5.31754E-04,4.55099E-05,5.34539E-04,4.19649E-05,5.26305E-04,4.02607E-05,5.31140E-04,4.33339E-05,5.54112E-04,6.22071E-05,4.88629E-04,7.83912E-05,5.17623E-04,7.71950E-05,5.06199E-04,7.81165E-05,5.05346E-04,7.96279E-05,5.05433E-04,8.36244E-05,5.09989E-04,7.81648E-05,5.07976E-04,7.72611E-05,5.07109E-04,8.05007E-05,5.15159E-04,7.58396E-05,5.07396E-04,7.47031E-05,5.05642E-04,7.84554E-05,5.05398E-04,7.30818E-05,4.99571E-04,7.07126E-05,4.93660E-04,6.94406E-05,4.90955E-04,7.23319E-05,5.05101E-04,6.38517E-05,4.65385E-04,5.94476E-05,4.41263E-04,6.45512E-05,4.45369E-04,6.66655E-05,4.47637E-04,6.76983E-05,4.49139E-04,6.71462E-05,4.53074E-04,6.76367E-05,4.59280E-04,6.25379E-05,4.52947E-04,5.96054E-05,4.54198E-04,5.85001E-05,4.60517E-04,5.32089E-05,4.53287E-04,4.97235E-05,4.52010E-04,4.77970E-05,4.60421E-04,4.27782E-05,4.54074E-04,3.87130E-05,4.54994E-04,3.57694E-05,4.55847E-04,3.52063E-05,4.66712E-04,4.02973E-05,5.22887E-04,5.72398E-05,4.30113E-04,7.13377E-05,4.55389E-04,7.18307E-05,4.50890E-04,7.79016E-05,4.66841E-04,7.86849E-05,4.69483E-04,0.00000E+00,0.00000E+00,7.42834E-05,4.62503E-04,7.30961E-05,4.60382E-04,0.00000E+00,0.00000E+00,7.16558E-05,4.62865E-04,7.07549E-05,4.58950E-04,0.00000E+00,0.00000E+00,7.24408E-05,4.68130E-04,7.04784E-05,4.65004E-04,6.49746E-05,4.48152E-04,6.67094E-05,4.54363E-04,6.01042E-05,4.35257E-04,5.67089E-05,4.04358E-04,6.30632E-05,4.16581E-04,6.69350E-05,4.29164E-04,7.06290E-05,4.39477E-04,7.04636E-05,4.36510E-04,0.00000E+00,0.00000E+00,6.47913E-05,4.39430E-04,6.11432E-05,4.36276E-04,0.00000E+00,0.00000E+00,5.51047E-05,4.44556E-04,5.14181E-05,4.38188E-04,0.00000E+00,0.00000E+00,4.49490E-05,4.52278E-04,4.09406E-05,4.47574E-04,3.67685E-05,4.45402E-04,3.56637E-05,4.55070E-04,4.19569E-05,5.26595E-04,6.05569E-05,4.27787E-04,7.63469E-05,4.47890E-04,8.22642E-05,4.59760E-04,0.00000E+00,0.00000E+00,8.17325E-05,4.59769E-04,8.77212E-05,4.64925E-04,7.90334E-05,4.47655E-04,7.74533E-05,4.43500E-04,8.21854E-05,4.60589E-04,7.62315E-05,4.43649E-04,7.55520E-05,4.44074E-04,8.18803E-05,4.62911E-04,7.48061E-05,4.54914E-04,0.00000E+00,0.00000E+00,7.42223E-05,4.57074E-04,7.13836E-05,4.45113E-04,6.37477E-05,4.31259E-04,5.99099E-05,3.94352E-04,6.73880E-05,4.08196E-04,7.43823E-05,4.31210E-04,0.00000E+00,0.00000E+00,7.50216E-05,4.36176E-04,7.22509E-05,4.28852E-04,6.58398E-05,4.20244E-04,6.22784E-05,4.22246E-04,6.14890E-05,4.31849E-04,5.54532E-05,4.28701E-04,5.18752E-05,4.23232E-04,5.09467E-05,4.34083E-04,4.74874E-05,4.38126E-04,0.00000E+00,0.00000E+00,4.10490E-05,4.49813E-04,3.88683E-05,4.54866E-04,4.54207E-05,5.26030E-04,6.65501E-05,4.29917E-04,8.58205E-05,4.51224E-04,9.19411E-05,4.60365E-04,8.92879E-05,4.54901E-04,9.26512E-05,4.50892E-04,9.42125E-05,4.60960E-04,8.51744E-05,4.43494E-04,8.40454E-05,4.43284E-04,8.99954E-05,4.59435E-04,8.21570E-05,4.37478E-04,8.11371E-05,4.39744E-04,8.79996E-05,4.60997E-04,8.50308E-05,4.52953E-04,8.05340E-05,4.48443E-04,8.25154E-05,4.62307E-04,8.00363E-05,4.53801E-04,6.97568E-05,4.29273E-04,6.52865E-05,3.96043E-04,7.39752E-05,4.10689E-04,8.15223E-05,4.37848E-04,8.20767E-05,4.30824E-04,7.82054E-05,4.20872E-04,7.75757E-05,4.34310E-04,7.06822E-05,4.20296E-04,6.71973E-05,4.32365E-04,6.65755E-05,4.36752E-04,5.99426E-05,4.21500E-04,5.59560E-05,4.23690E-04,5.46503E-05,4.36361E-04,4.94510E-05,4.34036E-04,4.73965E-05,4.41582E-04,4.48106E-05,4.54094E-04,4.25686E-05,4.61221E-04,4.96876E-05,5.33779E-04,7.33558E-05,4.25775E-04,9.94344E-05,4.60839E-04,0.00000E+00,0.00000E+00,1.06647E-04,4.63097E-04,1.02568E-04,4.51989E-04,0.00000E+00,0.00000E+00,9.92876E-05,4.57123E-04,9.77561E-05,4.53018E-04,0.00000E+00,0.00000E+00,9.53165E-05,4.52866E-04,9.44965E-05,4.48098E-04,0.00000E+00,0.00000E+00,9.38587E-05,4.50507E-04,9.57654E-05,4.57761E-04,0.00000E+00,0.00000E+00,9.20058E-05,4.60320E-04,7.62862E-05,4.29752E-04,7.17268E-05,3.94316E-04,8.32415E-05,4.21104E-04,0.00000E+00,0.00000E+00,8.78046E-05,4.29267E-04,8.63136E-05,4.25943E-04,0.00000E+00,0.00000E+00,7.92665E-05,4.29375E-04,7.54560E-05,4.29056E-04,0.00000E+00,0.00000E+00,6.74473E-05,4.33735E-04,6.27113E-05,4.30122E-04,0.00000E+00,0.00000E+00,5.46514E-05,4.38447E-04,5.06471E-05,4.38964E-04,0.00000E+00,0.00000E+00,4.76893E-05,4.61063E-04,5.42784E-05,5.34070E-04,7.97662E-05,4.25502E-04,1.01880E-04,4.47954E-04,1.04443E-04,4.47864E-04,1.05920E-04,4.44541E-04,1.03245E-04,4.35344E-04,1.08545E-04,4.47045E-04,1.00230E-04,4.32242E-04,9.91324E-05,4.32480E-04,1.04754E-04,4.45778E-04,9.73130E-05,4.28978E-04,9.53960E-05,4.32696E-04,1.00747E-04,4.45591E-04,9.37557E-05,4.36530E-04,9.48564E-05,4.40356E-04,9.36732E-05,4.42695E-04,9.38389E-05,4.46600E-04,8.22594E-05,4.28563E-04,7.67911E-05,3.94504E-04,8.65627E-05,4.05714E-04,9.37898E-05,4.20255E-04,9.05140E-05,4.15452E-04,8.83392E-05,4.18630E-04,8.89496E-05,4.32584E-04,8.19615E-05,4.22896E-04,7.80622E-05,4.22392E-04,7.69679E-05,4.26940E-04,6.92127E-05,4.22789E-04,6.45910E-05,4.24126E-04,6.26742E-05,4.32219E-04,5.58706E-05,4.24879E-04,5.18882E-05,4.28799E-04,5.11146E-05,4.41495E-04,4.95420E-05,4.54934E-04,5.80260E-05,5.38015E-04,8.62587E-05,4.21548E-04,1.10531E-04,4.53605E-04,1.14742E-04,4.57910E-04,1.15270E-04,4.48878E-04,1.12529E-04,4.39500E-04,1.19381E-04,4.57704E-04,1.09922E-04,4.36178E-04,1.08288E-04,4.39881E-04,1.15411E-04,4.54880E-04,1.05707E-04,4.37898E-04,1.04301E-04,4.37202E-04,1.09785E-04,4.58568E-04,1.02032E-04,4.39785E-04,1.02214E-04,4.43436E-04,1.01175E-04,4.56703E-04,1.01717E-04,4.48771E-04,8.87636E-05,4.32023E-04,8.27123E-05,3.94785E-04,9.32504E-05,4.09032E-04,1.01002E-04,4.27370E-04,9.67853E-05,4.17110E-04,9.51329E-05,4.19741E-04,9.57073E-05,4.35240E-04,8.79359E-05,4.26540E-04,8.37537E-05,4.24630E-04,8.25213E-05,4.37563E-04,7.45454E-05,4.26227E-04,6.94979E-05,4.22247E-04,6.71806E-05,4.30203E-04,5.99230E-05,4.32077E-04,5.54615E-05,4.24907E-04,5.46560E-05,4.40231E-04,5.29368E-05,4.54097E-04,6.23589E-05,5.29012E-04,9.41364E-05,4.23928E-04,1.27165E-04,4.62889E-04,0.00000E+00,0.00000E+00,1.33048E-04,4.59798E-04,1.29462E-04,4.51342E-04,0.00000E+00,0.00000E+00,1.26623E-04,4.51545E-04,1.24767E-04,4.50634E-04,3.09689E-09,3.61207E-04,1.21819E-04,4.53491E-04,1.20530E-04,4.49499E-04,0.00000E+00,0.00000E+00,1.17470E-04,4.53303E-04,1.17865E-04,4.62792E-04,0.00000E+00,0.00000E+00,1.15362E-04,4.61003E-04,9.54238E-05,4.33065E-04,8.89763E-05,3.96723E-04,1.03563E-04,4.22184E-04,0.00000E+00,0.00000E+00,1.07944E-04,4.26738E-04,1.05966E-04,4.23335E-04,0.00000E+00,0.00000E+00,9.76114E-05,4.33139E-04,9.27121E-05,4.29354E-04,2.43109E-09,2.99637E-04,8.24000E-05,4.35701E-04,7.68899E-05,4.29531E-04,0.00000E+00,0.00000E+00,6.65139E-05,4.36561E-04,6.13427E-05,4.32070E-04,0.00000E+00,0.00000E+00,5.84336E-05,4.59971E-04,6.65956E-05,5.29278E-04,1.00667E-04,4.25761E-04,1.28914E-04,4.48475E-04,1.32606E-04,4.52640E-04,1.33109E-04,4.45519E-04,1.29712E-04,4.32648E-04,1.36748E-04,4.47081E-04,1.26565E-04,4.32298E-04,1.25004E-04,4.33785E-04,1.32643E-04,4.42186E-04,1.22067E-04,4.33922E-04,1.20003E-04,4.37804E-04,1.26692E-04,4.43910E-04,1.16723E-04,4.38776E-04,1.17975E-04,4.41581E-04,1.15107E-04,4.45491E-04,1.16153E-04,