seed = -1653314633;
pop = 1750;
Inactive_Cycles = 1000;
Active_Cycles = 2600;
Total_CPU_Time = 4.51191E+03;
Total_Transport_Time = 4.38846E+02;
Time_Per_Integration = 7.58261E-09;
Clock_Time = 4.57438E+02;
keff_keff = [ 1.18670E+00,1.68073E-04];
fissionRate_fissionRate = reshape([ 9.02106E-05,6.28507E-04,8.89226E-05,6.08104E-04,8.85929E-05,6.12506E-04,8.84976E-05,6.25650E-04,8.84170E-05,6.18303E-04,8.85097E-05,6.22846E-04,8.77906E-05,6.16644E-04,8.65355E-05,6.02358E-04,8.58826E-05,5.95982E-04,8.47269E-05,5.90640E-04,8.41869E-05,5.96034E-04,8.28068E-05,5.86155E-04,8.13337E-05,5.94589E-04,8.03062E-05,5.99695E-04,7.96270E-05,6.00487E-04,8.09239E-05,6.01079E-04,8.72453E-05,5.92576E-04,7.62616E-05,5.67925E-04,7.99454E-05,5.60401E-04,8.09742E-05,5.67406E-04,8.05844E-05,5.68365E-04,7.88517E-05,5.59583E-04,7.67687E-05,5.53420E-04,7.35371E-05,5.60779E-04,6.98535E-05,5.61463E-04,6.66701E-05,5.64440E-04,6.22764E-05,5.66281E-04,5.83703E-05,5.72159E-04,5.42059E-05,5.66310E-04,4.98614E-05,5.57807E-04,4.57623E-05,5.52031E-04,4.20858E-05,5.52736E-04,4.03371E-05,5.47607E-04,4.34676E-05,5.80654E-04,6.15750E-05,4.94535E-04,7.77183E-05,5.26692E-04,7.66257E-05,5.26318E-04,7.72955E-05,5.26146E-04,7.84842E-05,5.25662E-04,8.27755E-05,5.31631E-04,7.77380E-05,5.24821E-04,7.61381E-05,5.18443E-04,7.96222E-05,5.21391E-04,7.49234E-05,5.11512E-04,7.42779E-05,5.15292E-04,7.79849E-05,5.24008E-04,7.26883E-05,5.18956E-04,7.00394E-05,5.19041E-04,6.94038E-05,5.14632E-04,7.19566E-05,5.23962E-04,6.38507E-05,4.93164E-04,5.92590E-05,4.65927E-04,6.44652E-05,4.68090E-04,6.66043E-05,4.68974E-04,6.72848E-05,4.78880E-04,6.72719E-05,4.80157E-04,6.73619E-05,4.80902E-04,6.24866E-05,4.75154E-04,5.93831E-05,4.82475E-04,5.81564E-05,4.95437E-04,5.30150E-05,4.87606E-04,4.95701E-05,4.85355E-04,4.77853E-05,4.92422E-04,4.27378E-05,4.83888E-04,3.89611E-05,4.77125E-04,3.58702E-05,4.78085E-04,3.51397E-05,4.98500E-04,4.03562E-05,5.68525E-04,5.66953E-05,4.54822E-04,7.06339E-05,4.74246E-04,7.14528E-05,4.76698E-04,7.71478E-05,4.96554E-04,7.83191E-05,4.89808E-04,0.00000E+00,0.00000E+00,7.33712E-05,4.86038E-04,7.20145E-05,4.87792E-04,0.00000E+00,0.00000E+00,7.11036E-05,4.85136E-04,7.04088E-05,4.87102E-04,0.00000E+00,0.00000E+00,7.16384E-05,4.86116E-04,7.03422E-05,4.90586E-04,6.45958E-05,4.74355E-04,6.62521E-05,4.77916E-04,6.02328E-05,4.65279E-04,5.66311E-05,4.30047E-04,6.28080E-05,4.40017E-04,6.67196E-05,4.44982E-04,7.04996E-05,4.58823E-04,7.02369E-05,4.64955E-04,0.00000E+00,0.00000E+00,6.43661E-05,4.69351E-04,6.11794E-05,4.68672E-04,0.00000E+00,0.00000E+00,5.49040E-05,4.78433E-04,5.13322E-05,4.63503E-04,0.00000E+00,0.00000E+00,4.51643E-05,4.74593E-04,4.11873E-05,4.69362E-04,3.67159E-05,4.64351E-04,3.58121E-05,4.91123E-04,4.20951E-05,5.70152E-04,6.00909E-05,4.45278E-04,7.57522E-05,4.66402E-04,8.15918E-05,4.83776E-04,0.00000E+00,0.00000E+00,8.09616E-05,4.86160E-04,8.67603E-05,4.91372E-04,7.80046E-05,4.71902E-04,7.68345E-05,4.73249E-04,8.18717E-05,4.84223E-04,7.57639E-05,4.66287E-04,7.53025E-05,4.70040E-04,8.15212E-05,4.86359E-04,7.41413E-05,4.82261E-04,0.00000E+00,0.00000E+00,7.40407E-05,4.82858E-04,7.09956E-05,4.71059E-04,6.33183E-05,4.58612E-04,5.98506E-05,4.26020E-04,6.71294E-05,4.37319E-04,7.42611E-05,4.56520E-04,0.00000E+00,0.00000E+00,7.49138E-05,4.64212E-04,7.18654E-05,4.60350E-04,6.54971E-05,4.48339E-04,6.19827E-05,4.50637E-04,6.08191E-05,4.63828E-04,5.54717E-05,4.50771E-04,5.18889E-05,4.46671E-04,5.08073E-05,4.63903E-04,4.74170E-05,4.62687E-04,0.00000E+00,0.00000E+00,4.10689E-05,4.76110E-04,3.88880E-05,4.84449E-04,4.57508E-05,5.68511E-04,6.60281E-05,4.44980E-04,8.54790E-05,4.69844E-04,9.08659E-05,4.86997E-04,8.87669E-05,4.80594E-04,9.15150E-05,4.81118E-04,9.29039E-05,4.86242E-04,8.42761E-05,4.71651E-04,8.31062E-05,4.68627E-04,8.90140E-05,4.89467E-04,8.17042E-05,4.68722E-04,8.07011E-05,4.67971E-04,8.72040E-05,4.92815E-04,8.42086E-05,4.79800E-04,8.03318E-05,4.77450E-04,8.22001E-05,4.88126E-04,7.94118E-05,4.78224E-04,6.92271E-05,4.62398E-04,6.50116E-05,4.30014E-04,7.33497E-05,4.47758E-04,8.13053E-05,4.62169E-04,8.19894E-05,4.59806E-04,7.77976E-05,4.60285E-04,7.75129E-05,4.56208E-04,7.08969E-05,4.49534E-04,6.69926E-05,4.48637E-04,6.58132E-05,4.59410E-04,5.97095E-05,4.48940E-04,5.58043E-05,4.50252E-04,5.45891E-05,4.61480E-04,4.94330E-05,4.53372E-04,4.74635E-05,4.67488E-04,4.48403E-05,4.71714E-04,4.27095E-05,4.83777E-04,5.00291E-05,5.64627E-04,7.28042E-05,4.44704E-04,9.87621E-05,4.83016E-04,0.00000E+00,0.00000E+00,1.06112E-04,4.91034E-04,1.01791E-04,4.80953E-04,0.00000E+00,0.00000E+00,9.81353E-05,4.80467E-04,9.65902E-05,4.80029E-04,0.00000E+00,0.00000E+00,9.47952E-05,4.78702E-04,9.39403E-05,4.78714E-04,0.00000E+00,0.00000E+00,9.35571E-05,4.86456E-04,9.56581E-05,4.93036E-04,0.00000E+00,0.00000E+00,9.12235E-05,4.85296E-04,7.57696E-05,4.57764E-04,7.12240E-05,4.22615E-04,8.26298E-05,4.54769E-04,0.00000E+00,0.00000E+00,8.83760E-05,4.51598E-04,8.61285E-05,4.51978E-04,0.00000E+00,0.00000E+00,7.90840E-05,4.60421E-04,7.51195E-05,4.54112E-04,0.00000E+00,0.00000E+00,6.67967E-05,4.55801E-04,6.27004E-05,4.50519E-04,0.00000E+00,0.00000E+00,5.44372E-05,4.63142E-04,5.06631E-05,4.57037E-04,0.00000E+00,0.00000E+00,4.77362E-05,4.92470E-04,5.44208E-05,5.74861E-04,7.90022E-05,4.42552E-04,1.01053E-04,4.69084E-04,1.03583E-04,4.71710E-04,1.04986E-04,4.65154E-04,1.01741E-04,4.63206E-04,1.07155E-04,4.68826E-04,9.91066E-05,4.60540E-04,9.81591E-05,4.66499E-04,1.03824E-04,4.75906E-04,9.63534E-05,4.61179E-04,9.51417E-05,4.60628E-04,1.00337E-04,4.75699E-04,9.31765E-05,4.65613E-04,9.44807E-05,4.72269E-04,9.28145E-05,4.73607E-04,9.32266E-05,4.69214E-04,8.12544E-05,4.53529E-04,7.64438E-05,4.15757E-04,8.61466E-05,4.38865E-04,9.30862E-05,4.50203E-04,9.03600E-05,4.38826E-04,8.84466E-05,4.40724E-04,8.88650E-05,4.52637E-04,8.17770E-05,4.43934E-04,7.78682E-05,4.48190E-04,7.63488E-05,4.58607E-04,6.88713E-05,4.41598E-04,6.42808E-05,4.37248E-04,6.26884E-05,4.47850E-04,5.56525E-05,4.46414E-04,5.19251E-05,4.47705E-04,5.11949E-05,4.60244E-04,4.98070E-05,4.78369E-04,5.80971E-05,5.85313E-04,8.54544E-05,4.43963E-04,1.10552E-04,4.69254E-04,1.13811E-04,4.76717E-04,1.13749E-04,4.74837E-04,1.10698E-04,4.66927E-04,1.18119E-04,4.90970E-04,1.08286E-04,4.68394E-04,1.06851E-04,4.72808E-04,1.14423E-04,4.87185E-04,1.05367E-04,4.69012E-04,1.03530E-04,4.67761E-04,1.10281E-04,4.87381E-04,1.01599E-04,4.68318E-04,1.01907E-04,4.71467E-04,1.01095E-04,4.77769E-04,1.01127E-04,4.79867E-04,8.79058E-05,4.54841E-04,8.25194E-05,4.18508E-04,9.27534E-05,4.35397E-04,1.00872E-04,4.54690E-04,9.62835E-05,4.40481E-04,9.47103E-05,4.42256E-04,9.56164E-05,4.63101E-04,8.76381E-05,4.51044E-04,8.31852E-05,4.48967E-04,8.21771E-05,4.67434E-04,7.41957E-05,4.48329E-04,6.93021E-05,4.45744E-04,6.69738E-05,4.60605E-04,5.96820E-05,4.45515E-04,5.53635E-05,4.47257E-04,5.45631E-05,4.72322E-04,5.29902E-05,4.85445E-04,6.22728E-05,5.72309E-04,9.34674E-05,4.41547E-04,1.26335E-04,4.79287E-04,0.00000E+00,0.00000E+00,1.31458E-04,4.86394E-04,1.28755E-04,4.80349E-04,0.00000E+00,0.00000E+00,1.25695E-04,4.88570E-04,1.23852E-04,4.82495E-04,3.06301E-09,4.03799E-04,1.21308E-04,4.79446E-04,1.19405E-04,4.80760E-04,0.00000E+00,0.00000E+00,1.17095E-04,4.79173E-04,1.17703E-04,4.85404E-04,0.00000E+00,0.00000E+00,1.15117E-04,4.84479E-04,9.56296E-05,4.52601E-04,8.92943E-05,4.16190E-04,1.03014E-04,4.42376E-04,0.00000E+00,0.00000E+00,1.07215E-04,4.48975E-04,1.05011E-04,4.50838E-04,0.00000E+00,0.00000E+00,9.72428E-05,4.59903E-04,9.22222E-05,4.61475E-04,2.43449E-09,3.12291E-04,8.23743E-05,4.53024E-04,7.63379E-05,4.59807E-04,0.00000E+00,0.00000E+00,6.60553E-05,4.52720E-04,6.11946E-05,4.51529E-04,0.00000E+00,0.00000E+00,5.83115E-05,4.86575E-04,6.65294E-05,5.75123E-04,9.99157E-05,4.36064E-04,1.27998E-04,4.59717E-04,1.30777E-04,4.67372E-04,1.32884E-04,4.68529E-04,1.28674E-04,4.66138E-04,1.35260E-04,4.94617E-04,1.25478E-04,4.69040E-04,1.24430E-04,4.63038E-04,1.31142E-04,4.78756E-04,1.21286E-04,4.64766E-04,1.18710E-04,4.56078E-04,1.25781E-04,4.77783E-04,1.16776E-04,4.72433E-04,1.17639E-04,4.68657E-04,1.15416E-04,4.72274E-04,1.15881E-04,