seed = 1185248062;
pop = 1750;
Inactive_Cycles = 1000;
Active_Cycles = 2600;
Total_CPU_Time = 4.24215E+03;
Total_Transport_Time = 3.69699E+03;
Time_Per_Integration = 6.38750E-08;
Clock_Time = 3.71668E+03;
keff_keff = [ 1.18659E+00,1.58677E-04];
fissionRate_fissionRate = reshape([ 9.09647E-05,6.45741E-04,8.95405E-05,6.12921E-04,8.95749E-05,5.90416E-04,8.91203E-05,5.79439E-04,8.93064E-05,5.78866E-04,8.91930E-05,5.81357E-04,8.81382E-05,5.85694E-04,8.73392E-05,5.78459E-04,8.62693E-05,5.81142E-04,8.57269E-05,6.01422E-04,8.44772E-05,5.93843E-04,8.38077E-05,5.85779E-04,8.20401E-05,5.81210E-04,8.06255E-05,5.77717E-04,7.98528E-05,5.82802E-04,8.12760E-05,5.72375E-04,8.76146E-05,5.60342E-04,7.63606E-05,5.40650E-04,8.00357E-05,5.31316E-04,8.09089E-05,5.24432E-04,8.06020E-05,5.19542E-04,7.92035E-05,5.24201E-04,7.67180E-05,5.20695E-04,7.29583E-05,5.21226E-04,6.97890E-05,5.22258E-04,6.62101E-05,5.24937E-04,6.22693E-05,5.18296E-04,5.84941E-05,5.23268E-04,5.45040E-05,5.19411E-04,4.99619E-05,5.32212E-04,4.56355E-05,5.26723E-04,4.20873E-05,5.25151E-04,4.05190E-05,5.41541E-04,4.35569E-05,5.54363E-04,6.24107E-05,4.86954E-04,7.83936E-05,5.15702E-04,7.69450E-05,5.02314E-04,7.79434E-05,4.94859E-04,7.93411E-05,5.00633E-04,8.35335E-05,5.03114E-04,7.82064E-05,5.02935E-04,7.70283E-05,4.97021E-04,8.06921E-05,5.01758E-04,7.54392E-05,5.04180E-04,7.47448E-05,5.01327E-04,7.84908E-05,5.01914E-04,7.31226E-05,5.02799E-04,7.04271E-05,4.96189E-04,6.93412E-05,4.99878E-04,7.24118E-05,5.01237E-04,6.41872E-05,4.66309E-04,5.91656E-05,4.43529E-04,6.45320E-05,4.45217E-04,6.69075E-05,4.47034E-04,6.73711E-05,4.43448E-04,6.71861E-05,4.46863E-04,6.74374E-05,4.58933E-04,6.25300E-05,4.45240E-04,5.93840E-05,4.50643E-04,5.80451E-05,4.57444E-04,5.30261E-05,4.52186E-04,4.95428E-05,4.49215E-04,4.77779E-05,4.55223E-04,4.28520E-05,4.57938E-04,3.87558E-05,4.54805E-04,3.59440E-05,4.54879E-04,3.51633E-05,4.69849E-04,4.04537E-05,5.27651E-04,5.73328E-05,4.25106E-04,7.11043E-05,4.53672E-04,7.21464E-05,4.52295E-04,7.81092E-05,4.69696E-04,7.85533E-05,4.63640E-04,0.00000E+00,0.00000E+00,7.39141E-05,4.63311E-04,7.29270E-05,4.57111E-04,0.00000E+00,0.00000E+00,7.13931E-05,4.54004E-04,7.04286E-05,4.55434E-04,0.00000E+00,0.00000E+00,7.24188E-05,4.66744E-04,7.02542E-05,4.74818E-04,6.52697E-05,4.50863E-04,6.66189E-05,4.54867E-04,6.05600E-05,4.36920E-04,5.68206E-05,4.05152E-04,6.27956E-05,4.11608E-04,6.69778E-05,4.25387E-04,7.08226E-05,4.39592E-04,7.04736E-05,4.38565E-04,0.00000E+00,0.00000E+00,6.43897E-05,4.45011E-04,6.11262E-05,4.36452E-04,0.00000E+00,0.00000E+00,5.45435E-05,4.38225E-04,5.10012E-05,4.31449E-04,0.00000E+00,0.00000E+00,4.48187E-05,4.46855E-04,4.10460E-05,4.42947E-04,3.66460E-05,4.36584E-04,3.58929E-05,4.49048E-04,4.20603E-05,5.25342E-04,6.08233E-05,4.26199E-04,7.68200E-05,4.47083E-04,8.19756E-05,4.61555E-04,0.00000E+00,0.00000E+00,8.17845E-05,4.58349E-04,8.79125E-05,4.64274E-04,7.93531E-05,4.47488E-04,7.79197E-05,4.45526E-04,8.20434E-05,4.62774E-04,7.59902E-05,4.43428E-04,7.56841E-05,4.43801E-04,8.20983E-05,4.60878E-04,7.51808E-05,4.54150E-04,0.00000E+00,0.00000E+00,7.42704E-05,4.60440E-04,7.14808E-05,4.51115E-04,6.36988E-05,4.27113E-04,5.98441E-05,3.92855E-04,6.73953E-05,4.06401E-04,7.43848E-05,4.32437E-04,0.00000E+00,0.00000E+00,7.50535E-05,4.35351E-04,7.18703E-05,4.41915E-04,6.53861E-05,4.27867E-04,6.18067E-05,4.21575E-04,6.09637E-05,4.29396E-04,5.51498E-05,4.21924E-04,5.15883E-05,4.18286E-04,5.06535E-05,4.26420E-04,4.76272E-05,4.32335E-04,0.00000E+00,0.00000E+00,4.11382E-05,4.45658E-04,3.88423E-05,4.51759E-04,4.56140E-05,5.24220E-04,6.65872E-05,4.24215E-04,8.59842E-05,4.52252E-04,9.26391E-05,4.64638E-04,8.94135E-05,4.54560E-04,9.26836E-05,4.57358E-04,9.41528E-05,4.74038E-04,8.57444E-05,4.48307E-04,8.36694E-05,4.42499E-04,9.00105E-05,4.62219E-04,8.18531E-05,4.40782E-04,8.10300E-05,4.43607E-04,8.77774E-05,4.60784E-04,8.51159E-05,4.53543E-04,8.07719E-05,4.55911E-04,8.26544E-05,4.69193E-04,8.02706E-05,4.54622E-04,6.97545E-05,4.26978E-04,6.50359E-05,3.94033E-04,7.39584E-05,4.13902E-04,8.12604E-05,4.32190E-04,8.19114E-05,4.31908E-04,7.78750E-05,4.24612E-04,7.72473E-05,4.36788E-04,7.10176E-05,4.22369E-04,6.67802E-05,4.21496E-04,6.60048E-05,4.30010E-04,5.95807E-05,4.18332E-04,5.56150E-05,4.20540E-04,5.46037E-05,4.33431E-04,4.95501E-05,4.28621E-04,4.73161E-05,4.34950E-04,4.47405E-05,4.45922E-04,4.28403E-05,4.50839E-04,4.99011E-05,5.27492E-04,7.36288E-05,4.25889E-04,9.97925E-05,4.61522E-04,0.00000E+00,0.00000E+00,1.06976E-04,4.64297E-04,1.02889E-04,4.56456E-04,0.00000E+00,0.00000E+00,9.92371E-05,4.59536E-04,9.77421E-05,4.51060E-04,0.00000E+00,0.00000E+00,9.56375E-05,4.55728E-04,9.46269E-05,4.55651E-04,0.00000E+00,0.00000E+00,9.40001E-05,4.54834E-04,9.61230E-05,4.58409E-04,0.00000E+00,0.00000E+00,9.19589E-05,4.60334E-04,7.66797E-05,4.27085E-04,7.15297E-05,3.93923E-04,8.30574E-05,4.21193E-04,0.00000E+00,0.00000E+00,8.82191E-05,4.25711E-04,8.62610E-05,4.27129E-04,0.00000E+00,0.00000E+00,7.94724E-05,4.33212E-04,7.56730E-05,4.20338E-04,0.00000E+00,0.00000E+00,6.72185E-05,4.28288E-04,6.26232E-05,4.24282E-04,0.00000E+00,0.00000E+00,5.47366E-05,4.40987E-04,5.07680E-05,4.31220E-04,0.00000E+00,0.00000E+00,4.76199E-05,4.51728E-04,5.45231E-05,5.21386E-04,7.99460E-05,4.26033E-04,1.02149E-04,4.49785E-04,1.04612E-04,4.50700E-04,1.06042E-04,4.45621E-04,1.03148E-04,4.46946E-04,1.08719E-04,4.56002E-04,1.00058E-04,4.36976E-04,9.86960E-05,4.34874E-04,1.05022E-04,4.44786E-04,9.64761E-05,4.34267E-04,9.51191E-05,4.38212E-04,1.00696E-04,4.50659E-04,9.39156E-05,4.37345E-04,9.49619E-05,4.43005E-04,9.33797E-05,4.46148E-04,9.41827E-05,4.47286E-04,8.25679E-05,4.27627E-04,7.69497E-05,3.93958E-04,8.65509E-05,4.07253E-04,9.36660E-05,4.18666E-04,8.99981E-05,4.16665E-04,8.82894E-05,4.17365E-04,8.89615E-05,4.26307E-04,8.20230E-05,4.15444E-04,7.76913E-05,4.17651E-04,7.64961E-05,4.26096E-04,6.92149E-05,4.19821E-04,6.46558E-05,4.15776E-04,6.27863E-05,4.27988E-04,5.57855E-05,4.24207E-04,5.19804E-05,4.22094E-04,5.11172E-05,4.42235E-04,4.95021E-05,4.49350E-04,5.83372E-05,5.20158E-04,8.68658E-05,4.20139E-04,1.11749E-04,4.47393E-04,1.14619E-04,4.53489E-04,1.14867E-04,4.46895E-04,1.12002E-04,4.39244E-04,1.19605E-04,4.61550E-04,1.09311E-04,4.40641E-04,1.08027E-04,4.41394E-04,1.15588E-04,4.58378E-04,1.05341E-04,4.40097E-04,1.03632E-04,4.35118E-04,1.10603E-04,4.63540E-04,1.01606E-04,4.39309E-04,1.03363E-04,4.42208E-04,1.02042E-04,4.55148E-04,1.02077E-04,4.47678E-04,8.93059E-05,4.29418E-04,8.29207E-05,3.95243E-04,9.31851E-05,4.11964E-04,1.00745E-04,4.28035E-04,9.68784E-05,4.16603E-04,9.48059E-05,4.18512E-04,9.58318E-05,4.28384E-04,8.78132E-05,4.18406E-04,8.33175E-05,4.15809E-04,8.25004E-05,4.34007E-04,7.39751E-05,4.19838E-04,6.93165E-05,4.18336E-04,6.72812E-05,4.35307E-04,5.96468E-05,4.23190E-04,5.53605E-05,4.21029E-04,5.44869E-05,4.47023E-04,5.30124E-05,4.49355E-04,6.20186E-05,5.24903E-04,9.45794E-05,4.21315E-04,1.27392E-04,4.54310E-04,0.00000E+00,0.00000E+00,1.32798E-04,4.61935E-04,1.29512E-04,4.56279E-04,0.00000E+00,0.00000E+00,1.26648E-04,4.54122E-04,1.24163E-04,4.51835E-04,3.06763E-09,3.66306E-04,1.21373E-04,4.55323E-04,1.20119E-04,4.50556E-04,0.00000E+00,0.00000E+00,1.17658E-04,4.52471E-04,1.18168E-04,4.53677E-04,0.00000E+00,0.00000E+00,1.15822E-04,4.56124E-04,9.60814E-05,4.29313E-04,8.92535E-05,3.95422E-04,1.03400E-04,4.17370E-04,0.00000E+00,0.00000E+00,1.07907E-04,4.28119E-04,1.05550E-04,4.29033E-04,0.00000E+00,0.00000E+00,9.75777E-05,4.31191E-04,9.23817E-05,4.28068E-04,2.44352E-09,2.97385E-04,8.22380E-05,4.30284E-04,7.68463E-05,4.22714E-04,0.00000E+00,0.00000E+00,6.63511E-05,4.37140E-04,6.07293E-05,4.34127E-04,0.00000E+00,0.00000E+00,5.84160E-05,4.56808E-04,6.67001E-05,5.19891E-04,1.00591E-04,4.24909E-04,1.28960E-04,4.45936E-04,1.31743E-04,4.47552E-04,1.33761E-04,4.43470E-04,1.29692E-04,4.40407E-04,1.37417E-04,4.48864E-04,1.26994E-04,4.34550E-04,1.24403E-04,4.36572E-04,1.32249E-04,4.53665E-04,1.21558E-04,4.39022E-04,1.19797E-04,4.31777E-04,1.26452E-04,4.48224E-04,1.17253E-04,4.35164E-04,1.17891E-04,4.40086E-04,1.15527E-04,4.45394E-04,1.16999E-04,