seed = 1871929668;
pop = 58500;
Inactive_Cycles = 1525;
Active_Cycles = 950;
Total_CPU_Time = 2.50259E+05;
Total_Transport_Time = 3.24954E+03;
Time_Per_Integration = 2.02549E-09;
Clock_Time = 3.30263E+03;
keff_keff = [ 1.07784E+00,3.46101E-05];
fissionRate_fissionRate = reshape([ 6.77771E-05,1.65886E-04,6.68069E-05,1.64072E-04,6.64165E-05,1.64781E-04,6.62798E-05,1.64168E-04,6.62623E-05,1.64427E-04,6.63174E-05,1.63760E-04,6.57980E-05,1.63868E-04,6.55194E-05,1.64529E-04,6.53694E-05,1.63940E-04,6.47620E-05,1.63581E-04,6.43539E-05,1.63481E-04,6.42115E-05,1.62851E-04,6.35467E-05,1.63028E-04,6.31383E-05,1.62701E-04,6.32624E-05,1.62351E-04,6.48857E-05,1.61074E-04,7.04047E-05,1.57623E-04,6.18414E-05,1.43968E-04,6.55284E-05,1.41856E-04,6.67885E-05,1.41035E-04,6.67785E-05,1.40521E-04,6.60449E-05,1.39686E-04,6.46871E-05,1.39264E-04,6.22163E-05,1.40011E-04,5.96850E-05,1.39541E-04,5.72003E-05,1.39433E-04,5.39416E-05,1.39714E-04,5.06920E-05,1.39449E-04,4.75194E-05,1.38907E-04,4.37956E-05,1.39124E-04,4.02390E-05,1.39081E-04,3.72163E-05,1.39523E-04,3.58439E-05,1.39662E-04,3.86715E-05,1.44615E-04,4.60884E-05,1.30476E-04,5.80158E-05,1.44366E-04,5.69002E-05,1.43627E-04,5.72943E-05,1.43720E-04,5.80582E-05,1.45613E-04,6.04829E-05,1.46651E-04,5.74123E-05,1.45938E-04,5.69930E-05,1.45701E-04,5.93283E-05,1.46084E-04,5.63834E-05,1.45787E-04,5.61110E-05,1.45317E-04,5.85012E-05,1.46234E-04,5.56833E-05,1.44766E-04,5.46082E-05,1.43059E-04,5.45361E-05,1.42882E-04,5.77366E-05,1.44504E-04,5.13647E-05,1.31240E-04,4.80600E-05,1.16658E-04,5.26418E-05,1.17382E-04,5.47805E-05,1.18102E-04,5.57881E-05,1.18543E-04,5.59409E-05,1.19300E-04,5.65960E-05,1.21100E-04,5.28441E-05,1.19381E-04,5.06190E-05,1.19551E-04,5.00230E-05,1.20700E-04,4.58511E-05,1.19655E-04,4.30904E-05,1.19562E-04,4.17229E-05,1.20787E-04,3.74473E-05,1.19807E-04,3.42215E-05,1.18689E-04,3.16771E-05,1.19972E-04,3.12061E-05,1.23509E-04,3.58239E-05,1.39490E-04,4.19811E-05,1.17213E-04,5.21362E-05,1.27163E-04,5.20648E-05,1.29671E-04,5.53280E-05,1.34838E-04,5.56812E-05,1.35536E-04,0.00000E+00,0.00000E+00,5.31304E-05,1.33485E-04,5.25381E-05,1.32916E-04,0.00000E+00,0.00000E+00,5.19862E-05,1.32800E-04,5.18500E-05,1.33102E-04,0.00000E+00,0.00000E+00,5.33655E-05,1.35569E-04,5.27413E-05,1.34098E-04,5.01041E-05,1.28937E-04,5.25609E-05,1.30090E-04,4.81916E-05,1.23164E-04,4.57694E-05,1.06881E-04,5.10581E-05,1.09091E-04,5.46426E-05,1.12176E-04,5.80867E-05,1.16058E-04,5.82845E-05,1.16349E-04,0.00000E+00,0.00000E+00,5.43573E-05,1.15887E-04,5.19307E-05,1.14623E-04,0.00000E+00,0.00000E+00,4.70439E-05,1.16049E-04,4.42237E-05,1.14475E-04,0.00000E+00,0.00000E+00,3.91863E-05,1.17205E-04,3.60025E-05,1.16814E-04,3.23206E-05,1.16202E-04,3.16922E-05,1.20018E-04,3.72421E-05,1.39416E-04,4.37809E-05,1.14886E-04,5.50565E-05,1.25791E-04,5.79255E-05,1.32041E-04,0.00000E+00,0.00000E+00,5.71136E-05,1.34126E-04,6.17851E-05,1.36044E-04,5.68800E-05,1.30002E-04,5.62566E-05,1.29186E-04,5.89440E-05,1.34455E-04,5.55858E-05,1.29191E-04,5.55190E-05,1.29230E-04,5.96402E-05,1.35371E-04,5.46082E-05,1.33247E-04,0.00000E+00,0.00000E+00,5.55947E-05,1.31213E-04,5.54753E-05,1.27769E-04,5.04899E-05,1.21576E-04,4.79336E-05,1.04067E-04,5.41488E-05,1.07643E-04,6.02312E-05,1.13399E-04,0.00000E+00,0.00000E+00,6.15520E-05,1.15067E-04,5.95959E-05,1.13903E-04,5.47755E-05,1.11883E-04,5.23392E-05,1.11493E-04,5.18742E-05,1.13308E-04,4.73817E-05,1.11431E-04,4.46478E-05,1.11503E-04,4.39181E-05,1.13513E-04,4.13111E-05,1.14589E-04,0.00000E+00,0.00000E+00,3.59898E-05,1.17228E-04,3.42219E-05,1.19174E-04,4.02368E-05,1.38970E-04,4.75068E-05,1.15014E-04,6.07949E-05,1.28259E-04,6.36384E-05,1.34185E-04,6.18329E-05,1.33463E-04,6.49088E-05,1.32662E-04,6.56254E-05,1.35268E-04,6.05238E-05,1.29487E-04,5.99071E-05,1.28072E-04,6.34314E-05,1.33899E-04,5.92981E-05,1.28371E-04,5.90635E-05,1.28220E-04,6.33311E-05,1.34548E-04,6.19580E-05,1.33114E-04,5.87477E-05,1.32452E-04,6.10627E-05,1.33716E-04,6.11171E-05,1.30311E-04,5.45287E-05,1.20664E-04,5.17497E-05,1.03999E-04,5.90179E-05,1.08800E-04,6.55258E-05,1.14201E-04,6.64799E-05,1.13495E-04,6.37294E-05,1.12745E-04,6.37298E-05,1.14220E-04,5.87158E-05,1.11602E-04,5.61953E-05,1.10865E-04,5.58541E-05,1.13450E-04,5.07879E-05,1.11107E-04,4.78559E-05,1.10758E-04,4.70151E-05,1.14353E-04,4.28520E-05,1.12711E-04,4.12855E-05,1.14845E-04,3.92060E-05,1.17563E-04,3.74744E-05,1.20270E-04,4.38129E-05,1.39205E-04,5.18461E-05,1.15108E-04,6.90309E-05,1.31456E-04,0.00000E+00,0.00000E+00,7.33057E-05,1.35504E-04,7.10304E-05,1.33081E-04,0.00000E+00,0.00000E+00,6.91515E-05,1.33551E-04,6.85171E-05,1.32385E-04,0.00000E+00,0.00000E+00,6.77322E-05,1.32152E-04,6.73283E-05,1.31668E-04,0.00000E+00,0.00000E+00,6.78098E-05,1.33321E-04,6.95752E-05,1.35227E-04,0.00000E+00,0.00000E+00,6.89877E-05,1.32485E-04,5.92683E-05,1.20511E-04,5.61377E-05,1.04098E-04,6.58295E-05,1.11563E-04,0.00000E+00,0.00000E+00,7.10081E-05,1.12441E-04,6.97437E-05,1.12819E-04,0.00000E+00,0.00000E+00,6.55100E-05,1.13019E-04,6.26907E-05,1.12129E-04,0.00000E+00,0.00000E+00,5.67788E-05,1.13038E-04,5.33220E-05,1.12006E-04,0.00000E+00,0.00000E+00,4.69999E-05,1.14064E-04,4.39394E-05,1.13634E-04,0.00000E+00,0.00000E+00,4.17332E-05,1.20849E-04,4.75600E-05,1.39011E-04,5.55395E-05,1.14229E-04,7.05535E-05,1.27524E-04,7.13278E-05,1.29194E-04,7.30977E-05,1.29200E-04,7.12358E-05,1.27571E-04,7.45498E-05,1.31292E-04,6.99998E-05,1.26803E-04,6.96605E-05,1.26288E-04,7.34471E-05,1.29788E-04,6.88211E-05,1.26236E-04,6.82073E-05,1.26309E-04,7.17554E-05,1.30394E-04,6.78681E-05,1.26862E-04,6.92467E-05,1.28796E-04,6.80000E-05,1.29090E-04,7.05635E-05,1.29363E-04,6.32362E-05,1.20895E-04,5.98115E-05,1.03437E-04,6.78521E-05,1.07556E-04,7.41473E-05,1.11059E-04,7.20623E-05,1.09606E-04,7.11666E-05,1.10181E-04,7.22352E-05,1.11609E-04,6.71213E-05,1.10306E-04,6.42752E-05,1.09611E-04,6.39051E-05,1.11696E-04,5.81699E-05,1.10287E-04,5.46760E-05,1.09890E-04,5.33141E-05,1.11606E-04,4.78752E-05,1.10707E-04,4.46658E-05,1.10764E-04,4.42347E-05,1.14950E-04,4.30854E-05,1.19425E-04,5.06984E-05,1.39665E-04,5.95424E-05,1.15305E-04,7.58834E-05,1.28098E-04,7.69002E-05,1.31846E-04,7.84258E-05,1.29818E-04,7.65575E-05,1.28287E-04,8.07638E-05,1.33841E-04,7.56018E-05,1.27877E-04,7.56949E-05,1.27334E-04,8.11072E-05,1.31791E-04,7.47257E-05,1.27020E-04,7.33611E-05,1.26994E-04,7.75096E-05,1.32783E-04,7.27053E-05,1.28188E-04,7.39881E-05,1.29370E-04,7.31575E-05,1.31491E-04,7.54656E-05,1.29842E-04,6.75378E-05,1.21258E-04,6.37814E-05,1.03989E-04,7.24078E-05,1.07865E-04,7.90591E-05,1.12409E-04,7.66472E-05,1.09981E-04,7.56994E-05,1.10567E-04,7.70221E-05,1.12951E-04,7.15372E-05,1.10691E-04,6.85696E-05,1.10170E-04,6.82250E-05,1.13310E-04,6.19580E-05,1.10642E-04,5.82246E-05,1.10538E-04,5.68019E-05,1.12853E-04,5.08185E-05,1.11154E-04,4.73900E-05,1.11654E-04,4.70561E-05,1.15864E-04,4.58384E-05,1.19522E-04,5.39559E-05,1.39312E-04,6.39321E-05,1.15407E-04,8.48542E-05,1.31452E-04,0.00000E+00,0.00000E+00,8.84134E-05,1.35009E-04,8.64879E-05,1.32424E-04,0.00000E+00,0.00000E+00,8.55124E-05,1.32131E-04,8.64561E-05,1.30017E-04,2.14817E-09,6.20170E-05,8.52558E-05,1.30250E-04,8.28974E-05,1.31554E-04,0.00000E+00,0.00000E+00,8.18829E-05,1.31830E-04,8.30693E-05,1.33853E-04,0.00000E+00,0.00000E+00,8.38725E-05,1.32033E-04,7.20118E-05,1.20973E-04,6.80875E-05,1.04163E-04,7.95058E-05,1.10924E-04,0.00000E+00,0.00000E+00,8.43673E-05,1.12060E-04,8.33023E-05,1.12115E-04,0.00000E+00,0.00000E+00,7.87395E-05,1.12883E-04,7.53944E-05,1.11757E-04,2.00054E-09,4.55463E-05,6.82566E-05,1.13062E-04,6.39085E-05,1.12038E-04,0.00000E+00,0.00000E+00,5.58837E-05,1.13710E-04,5.19470E-05,1.13175E-04,0.00000E+00,0.00000E+00,5.00453E-05,1.20804E-04,5.72726E-05,1.39815E-04,6.74489E-05,1.15108E-04,8.57674E-05,1.27540E-04,8.65191E-05,1.29731E-04,8.86845E-05,1.29847E-04,8.66464E-05,1.27340E-04,9.10341E-05,1.31152E-04,8.53343E-05,1.27083E-04,8.51748E-05,1.26013E-04,9.05469E-05,1.29229E-04,8.38123E-05,1.26545E-04,8.24760E-05,1.26871E-04,8.65392E-05,1.31288E-04,8.15708E-05,1.27516E-04,8.29844E-05,1.29054E-04,8.15470E-05,1.29293E-04,8.44323E-05,