seed = 800083263;
pop = 1750;
Inactive_Cycles = 1000;
Active_Cycles = 2600;
Total_CPU_Time = 4.06722E+03;
Total_Transport_Time = 3.91365E+02;
Time_Per_Integration = 6.76173E-09;
Clock_Time = 4.10274E+02;
keff_keff = [ 1.18688E+00,1.56842E-04];
fissionRate_fissionRate = reshape([ 9.05396E-05,6.51788E-04,8.92533E-05,6.32694E-04,8.83167E-05,6.30537E-04,8.91468E-05,6.13141E-04,8.86381E-05,6.12025E-04,8.87400E-05,5.98943E-04,8.76238E-05,5.85334E-04,8.71136E-05,5.82360E-04,8.64349E-05,5.75651E-04,8.49298E-05,5.80225E-04,8.41354E-05,5.77919E-04,8.33355E-05,5.79022E-04,8.18817E-05,5.74130E-04,8.04399E-05,5.72097E-04,7.99278E-05,5.72118E-04,8.12035E-05,5.72345E-04,8.69427E-05,5.73061E-04,7.64268E-05,5.42833E-04,8.04301E-05,5.29433E-04,8.09042E-05,5.25378E-04,8.01885E-05,5.27804E-04,7.86521E-05,5.28417E-04,7.65342E-05,5.28283E-04,7.28789E-05,5.26270E-04,6.93809E-05,5.18634E-04,6.63260E-05,5.16864E-04,6.21537E-05,5.24255E-04,5.78879E-05,5.27128E-04,5.39818E-05,5.27720E-04,4.95879E-05,5.34421E-04,4.51056E-05,5.28757E-04,4.17271E-05,5.28687E-04,3.99996E-05,5.34393E-04,4.31039E-05,5.65814E-04,6.16510E-05,4.97028E-04,7.83427E-05,5.34256E-04,7.65030E-05,5.22534E-04,7.73859E-05,5.15241E-04,7.87890E-05,5.13409E-04,8.33360E-05,5.07683E-04,7.78451E-05,5.09828E-04,7.70121E-05,5.02205E-04,8.02000E-05,5.05286E-04,7.49268E-05,5.00172E-04,7.43886E-05,5.01774E-04,7.82882E-05,4.97502E-04,7.30310E-05,4.93119E-04,7.04136E-05,4.85639E-04,6.93119E-05,4.92036E-04,7.22041E-05,4.98430E-04,6.36418E-05,4.63665E-04,5.91633E-05,4.37277E-04,6.42787E-05,4.35671E-04,6.65078E-05,4.39914E-04,6.68893E-05,4.40066E-04,6.67490E-05,4.46656E-04,6.72238E-05,4.57667E-04,6.22838E-05,4.53144E-04,5.91020E-05,4.55160E-04,5.80456E-05,4.56786E-04,5.26133E-05,4.56751E-04,4.94121E-05,4.52450E-04,4.75016E-05,4.60335E-04,4.23257E-05,4.52259E-04,3.83920E-05,4.51288E-04,3.54272E-05,4.55842E-04,3.49431E-05,4.68777E-04,3.99256E-05,5.35282E-04,5.67256E-05,4.41478E-04,7.09957E-05,4.63898E-04,7.15586E-05,4.62199E-04,7.74726E-05,4.75667E-04,7.82248E-05,4.71771E-04,0.00000E+00,0.00000E+00,7.40556E-05,4.73191E-04,7.27124E-05,4.62780E-04,0.00000E+00,0.00000E+00,7.09998E-05,4.58838E-04,7.03506E-05,4.60886E-04,0.00000E+00,0.00000E+00,7.20912E-05,4.63770E-04,7.03867E-05,4.55640E-04,6.49604E-05,4.44957E-04,6.64258E-05,4.50648E-04,6.00785E-05,4.33259E-04,5.64760E-05,4.01163E-04,6.24877E-05,4.08082E-04,6.64707E-05,4.17226E-04,7.04547E-05,4.37976E-04,7.01545E-05,4.39424E-04,0.00000E+00,0.00000E+00,6.43129E-05,4.43833E-04,6.08552E-05,4.35132E-04,0.00000E+00,0.00000E+00,5.46160E-05,4.38656E-04,5.06354E-05,4.32146E-04,0.00000E+00,0.00000E+00,4.44326E-05,4.45575E-04,4.04743E-05,4.44701E-04,3.64303E-05,4.35266E-04,3.54482E-05,4.57186E-04,4.17112E-05,5.32556E-04,6.01400E-05,4.38556E-04,7.64374E-05,4.53248E-04,8.18112E-05,4.71343E-04,0.00000E+00,0.00000E+00,8.15729E-05,4.66681E-04,8.71141E-05,4.71046E-04,7.90308E-05,4.51280E-04,7.76433E-05,4.48944E-04,8.15324E-05,4.63346E-04,7.58039E-05,4.44120E-04,7.52352E-05,4.45821E-04,8.13736E-05,4.61673E-04,7.46815E-05,4.53934E-04,0.00000E+00,0.00000E+00,7.38522E-05,4.50630E-04,7.10934E-05,4.44561E-04,6.34412E-05,4.32521E-04,5.97484E-05,3.90207E-04,6.67921E-05,4.04126E-04,7.38914E-05,4.25374E-04,0.00000E+00,0.00000E+00,7.44313E-05,4.35727E-04,7.13224E-05,4.33660E-04,6.50041E-05,4.22679E-04,6.16513E-05,4.24281E-04,6.08910E-05,4.31714E-04,5.49120E-05,4.26141E-04,5.12649E-05,4.21248E-04,5.02969E-05,4.32916E-04,4.70245E-05,4.32456E-04,0.00000E+00,0.00000E+00,4.05704E-05,4.45341E-04,3.85702E-05,4.53391E-04,4.52955E-05,5.24948E-04,6.62884E-05,4.31851E-04,8.58876E-05,4.57518E-04,9.18627E-05,4.73602E-04,8.90678E-05,4.66036E-04,9.25917E-05,4.61475E-04,9.35827E-05,4.70390E-04,8.52749E-05,4.48733E-04,8.36927E-05,4.44685E-04,8.93902E-05,4.60872E-04,8.17143E-05,4.46945E-04,8.07510E-05,4.43785E-04,8.74571E-05,4.65140E-04,8.43707E-05,4.49550E-04,8.00940E-05,4.52604E-04,8.25638E-05,4.55123E-04,7.92164E-05,4.51572E-04,6.92377E-05,4.24817E-04,6.50340E-05,3.93328E-04,7.38161E-05,4.09409E-04,8.13117E-05,4.24620E-04,8.15208E-05,4.25509E-04,7.75717E-05,4.21202E-04,7.70822E-05,4.37319E-04,7.03733E-05,4.21349E-04,6.66513E-05,4.22357E-04,6.58834E-05,4.36152E-04,5.93970E-05,4.23228E-04,5.53949E-05,4.25977E-04,5.39684E-05,4.37837E-04,4.91827E-05,4.31077E-04,4.70371E-05,4.34918E-04,4.44866E-05,4.45891E-04,4.23960E-05,4.53278E-04,4.95589E-05,5.29096E-04,7.32912E-05,4.39541E-04,9.92223E-05,4.67845E-04,0.00000E+00,0.00000E+00,1.06316E-04,4.69476E-04,1.02012E-04,4.63195E-04,0.00000E+00,0.00000E+00,9.88043E-05,4.61371E-04,9.74471E-05,4.59246E-04,0.00000E+00,0.00000E+00,9.54940E-05,4.57779E-04,9.38822E-05,4.55658E-04,0.00000E+00,0.00000E+00,9.34540E-05,4.57502E-04,9.46804E-05,4.61087E-04,0.00000E+00,0.00000E+00,9.11508E-05,4.57699E-04,7.61803E-05,4.25089E-04,7.09175E-05,3.92268E-04,8.25115E-05,4.20646E-04,0.00000E+00,0.00000E+00,8.74597E-05,4.21369E-04,8.57339E-05,4.23278E-04,0.00000E+00,0.00000E+00,7.93309E-05,4.29043E-04,7.48668E-05,4.24832E-04,0.00000E+00,0.00000E+00,6.69326E-05,4.29757E-04,6.22855E-05,4.23638E-04,0.00000E+00,0.00000E+00,5.41388E-05,4.35176E-04,5.04619E-05,4.34978E-04,0.00000E+00,0.00000E+00,4.76173E-05,4.57259E-04,5.41772E-05,5.15713E-04,7.93179E-05,4.33536E-04,1.01556E-04,4.48458E-04,1.04093E-04,4.53700E-04,1.05289E-04,4.50659E-04,1.01822E-04,4.48633E-04,1.07522E-04,4.55326E-04,9.98112E-05,4.47626E-04,9.89986E-05,4.40469E-04,1.04060E-04,4.51396E-04,9.59307E-05,4.40375E-04,9.49696E-05,4.35852E-04,1.00241E-04,4.53125E-04,9.32476E-05,4.40724E-04,9.42544E-05,4.40497E-04,9.27330E-05,4.48006E-04,9.34473E-05,4.48603E-04,8.18253E-05,4.29104E-04,7.64431E-05,3.93061E-04,8.60913E-05,4.08421E-04,9.29072E-05,4.16338E-04,8.97564E-05,4.19498E-04,8.82363E-05,4.15757E-04,8.80762E-05,4.26371E-04,8.12499E-05,4.15224E-04,7.73038E-05,4.15193E-04,7.58441E-05,4.23318E-04,6.87291E-05,4.20363E-04,6.41925E-05,4.19806E-04,6.21983E-05,4.26587E-04,5.54408E-05,4.23791E-04,5.13610E-05,4.21822E-04,5.07384E-05,4.36306E-04,4.94119E-05,4.47117E-04,5.81759E-05,5.15247E-04,8.60764E-05,4.28494E-04,1.10581E-04,4.49036E-04,1.14253E-04,4.59598E-04,1.14615E-04,4.51125E-04,1.11609E-04,4.46083E-04,1.19103E-04,4.64778E-04,1.09178E-04,4.46293E-04,1.07735E-04,4.48963E-04,1.14392E-04,4.62741E-04,1.04903E-04,4.41386E-04,1.03630E-04,4.41948E-04,1.10073E-04,4.61651E-04,1.01313E-04,4.41149E-04,1.02137E-04,4.44720E-04,1.00745E-04,4.58574E-04,1.01003E-04,4.47613E-04,8.84830E-05,4.25131E-04,8.20156E-05,3.89393E-04,9.20610E-05,4.08064E-04,1.00640E-04,4.24722E-04,9.61024E-05,4.11992E-04,9.45226E-05,4.17210E-04,9.47689E-05,4.27466E-04,8.71756E-05,4.16271E-04,8.29255E-05,4.15783E-04,8.12664E-05,4.30148E-04,7.38159E-05,4.20919E-04,6.85695E-05,4.18266E-04,6.69464E-05,4.27245E-04,5.93067E-05,4.24427E-04,5.48672E-05,4.26878E-04,5.42643E-05,4.44555E-04,5.27363E-05,4.49738E-04,6.23087E-05,5.25587E-04,9.42825E-05,4.20538E-04,1.26480E-04,4.58675E-04,0.00000E+00,0.00000E+00,1.32687E-04,4.63246E-04,1.29326E-04,4.59632E-04,0.00000E+00,0.00000E+00,1.26476E-04,4.61687E-04,1.24237E-04,4.63129E-04,3.06382E-09,3.63425E-04,1.20903E-04,4.60223E-04,1.18970E-04,4.55859E-04,0.00000E+00,0.00000E+00,1.17005E-04,4.55550E-04,1.17291E-04,4.57548E-04,0.00000E+00,0.00000E+00,1.14507E-04,4.61364E-04,9.52581E-05,4.25804E-04,8.88414E-05,3.89063E-04,1.02931E-04,4.15467E-04,0.00000E+00,0.00000E+00,1.06795E-04,4.28682E-04,1.04146E-04,4.23892E-04,0.00000E+00,0.00000E+00,9.70520E-05,4.24878E-04,9.16869E-05,4.24502E-04,2.41778E-09,2.93085E-04,8.15203E-05,4.32226E-04,7.62413E-05,4.23384E-04,0.00000E+00,0.00000E+00,6.56258E-05,4.28067E-04,6.04937E-05,4.33049E-04,0.00000E+00,0.00000E+00,5.80208E-05,4.55242E-04,6.64985E-05,5.17468E-04,1.00665E-04,4.21695E-04,1.29105E-04,4.46454E-04,1.32467E-04,4.49994E-04,1.33254E-04,4.44149E-04,1.29509E-04,4.42691E-04,1.36709E-04,4.53690E-04,1.25654E-04,4.38470E-04,1.23922E-04,4.39649E-04,1.31060E-04,4.50511E-04,1.20818E-04,4.40831E-04,1.18695E-04,4.40145E-04,1.25787E-04,4.48653E-04,1.16962E-04,4.36239E-04,1.17283E-04,4.41661E-04,1.14957E-04,4.45246E-04,1.15653E-04,