seed = -405654594;
pop = 1750;
Inactive_Cycles = 1000;
Active_Cycles = 2600;
Total_CPU_Time = 1.19760E+03;
Total_Transport_Time = 1.15971E+02;
Time_Per_Integration = 5.94161E-09;
Clock_Time = 1.19845E+02;
keff_keff = [ 1.18670E+00,1.44871E-04];
fissionRate_fissionRate = reshape([ 9.03966E-05,8.76550E-04,8.89186E-05,8.83677E-04,8.87123E-05,8.61924E-04,8.86794E-05,8.63740E-04,8.87102E-05,8.71747E-04,8.80684E-05,8.45637E-04,8.73631E-05,8.51073E-04,8.64611E-05,8.45358E-04,8.62572E-05,8.53190E-04,8.50070E-05,8.43449E-04,8.42319E-05,8.61097E-04,8.33755E-05,8.64549E-04,8.18078E-05,8.38490E-04,8.06310E-05,8.67391E-04,7.94877E-05,8.51803E-04,8.08130E-05,8.47201E-04,8.70392E-05,8.22163E-04,7.56983E-05,7.55292E-04,7.96386E-05,7.34662E-04,8.08263E-05,7.46492E-04,8.02534E-05,7.41618E-04,7.84742E-05,7.32945E-04,7.62425E-05,7.35756E-04,7.27617E-05,7.35650E-04,6.98218E-05,7.46929E-04,6.66087E-05,7.38140E-04,6.23233E-05,7.50747E-04,5.82930E-05,7.43960E-04,5.41196E-05,7.52744E-04,4.98122E-05,7.33831E-04,4.54567E-05,7.25316E-04,4.17565E-05,7.28657E-04,4.02548E-05,7.34526E-04,4.35535E-05,7.57612E-04,6.17713E-05,6.94892E-04,7.77253E-05,7.41717E-04,7.63931E-05,7.42071E-04,7.75217E-05,7.42812E-04,7.84279E-05,7.35053E-04,8.30207E-05,7.40941E-04,7.73141E-05,7.39035E-04,7.63605E-05,7.44943E-04,8.02058E-05,7.28693E-04,7.51426E-05,7.38710E-04,7.43508E-05,7.49005E-04,7.74825E-05,7.38553E-04,7.25745E-05,7.35570E-04,7.01638E-05,7.32885E-04,6.90493E-05,7.29200E-04,7.22662E-05,7.43611E-04,6.32673E-05,6.82128E-04,5.88228E-05,6.15991E-04,6.40281E-05,6.09984E-04,6.62480E-05,6.25474E-04,6.70866E-05,6.18343E-04,6.67981E-05,6.21462E-04,6.69459E-05,6.37528E-04,6.22984E-05,6.27145E-04,5.90319E-05,6.25886E-04,5.80759E-05,6.32951E-04,5.29220E-05,6.27332E-04,4.94426E-05,6.25166E-04,4.75969E-05,6.33791E-04,4.26779E-05,6.32675E-04,3.86827E-05,6.20195E-04,3.57884E-05,6.25089E-04,3.50949E-05,6.40189E-04,4.04083E-05,7.38801E-04,5.65834E-05,6.26347E-04,7.07149E-05,6.61515E-04,7.17181E-05,6.68959E-04,7.69357E-05,6.94307E-04,7.80040E-05,6.97743E-04,0.00000E+00,0.00000E+00,7.36426E-05,6.72555E-04,7.23385E-05,6.70614E-04,0.00000E+00,0.00000E+00,7.07644E-05,6.77304E-04,7.04208E-05,6.79096E-04,0.00000E+00,0.00000E+00,7.16511E-05,6.87904E-04,6.99253E-05,6.85749E-04,6.49788E-05,6.73762E-04,6.65230E-05,6.72640E-04,6.01299E-05,6.40788E-04,5.63146E-05,5.70719E-04,6.24376E-05,5.74610E-04,6.64370E-05,5.91158E-04,7.01142E-05,6.16279E-04,6.98788E-05,6.05090E-04,0.00000E+00,0.00000E+00,6.46024E-05,6.14941E-04,6.09903E-05,6.03456E-04,0.00000E+00,0.00000E+00,5.45328E-05,6.05863E-04,5.10497E-05,5.98777E-04,0.00000E+00,0.00000E+00,4.48360E-05,6.21753E-04,4.09120E-05,6.26950E-04,3.66474E-05,6.19435E-04,3.58918E-05,6.29784E-04,4.19505E-05,7.37970E-04,5.98282E-05,6.30120E-04,7.59481E-05,6.62373E-04,8.20448E-05,6.81574E-04,0.00000E+00,0.00000E+00,8.13341E-05,6.79524E-04,8.71109E-05,6.92295E-04,7.84090E-05,6.67249E-04,7.73977E-05,6.69410E-04,8.15668E-05,6.80017E-04,7.55330E-05,6.62050E-04,7.53614E-05,6.69287E-04,8.10657E-05,6.85827E-04,7.45458E-05,6.79185E-04,0.00000E+00,0.00000E+00,7.36615E-05,6.80736E-04,7.11614E-05,6.63018E-04,6.34783E-05,6.31702E-04,5.95279E-05,5.50957E-04,6.66871E-05,5.60246E-04,7.38023E-05,5.96037E-04,0.00000E+00,0.00000E+00,7.43207E-05,6.03858E-04,7.13927E-05,5.97261E-04,6.53858E-05,5.90209E-04,6.19683E-05,5.87083E-04,6.09499E-05,5.89575E-04,5.49929E-05,5.79193E-04,5.15218E-05,5.83582E-04,5.06782E-05,5.92691E-04,4.74905E-05,6.08421E-04,0.00000E+00,0.00000E+00,4.08644E-05,6.21678E-04,3.88613E-05,6.33010E-04,4.56365E-05,7.41372E-04,6.58938E-05,6.23758E-04,8.54129E-05,6.69034E-04,9.16746E-05,6.83033E-04,8.87519E-05,6.80789E-04,9.21076E-05,6.82242E-04,9.36955E-05,6.96676E-04,8.50882E-05,6.69485E-04,8.35379E-05,6.68021E-04,8.89396E-05,6.85566E-04,8.12424E-05,6.70372E-04,8.06711E-05,6.67471E-04,8.71204E-05,6.86555E-04,8.44917E-05,6.80459E-04,7.99504E-05,6.70964E-04,8.25188E-05,6.86117E-04,7.97095E-05,6.70050E-04,6.93018E-05,6.35760E-04,6.48635E-05,5.48787E-04,7.32789E-05,5.75410E-04,8.09241E-05,6.08581E-04,8.15236E-05,5.88958E-04,7.77108E-05,5.79110E-04,7.73923E-05,5.99975E-04,7.03558E-05,5.93478E-04,6.68833E-05,5.91868E-04,6.61144E-05,6.05532E-04,5.94939E-05,5.90300E-04,5.57272E-05,5.92961E-04,5.48740E-05,6.01012E-04,4.94245E-05,5.97724E-04,4.75096E-05,6.06221E-04,4.49133E-05,6.26135E-04,4.27460E-05,6.32904E-04,4.99473E-05,7.50946E-04,7.29387E-05,6.25156E-04,9.91823E-05,6.79828E-04,0.00000E+00,0.00000E+00,1.05777E-04,6.95754E-04,1.01986E-04,6.88543E-04,0.00000E+00,0.00000E+00,9.90444E-05,6.81934E-04,9.76435E-05,6.81094E-04,0.00000E+00,0.00000E+00,9.49377E-05,6.88014E-04,9.34573E-05,6.81187E-04,0.00000E+00,0.00000E+00,9.37052E-05,6.87431E-04,9.50491E-05,6.90685E-04,0.00000E+00,0.00000E+00,9.13624E-05,6.80537E-04,7.58513E-05,6.38129E-04,7.11743E-05,5.57286E-04,8.25215E-05,5.89980E-04,0.00000E+00,0.00000E+00,8.76355E-05,5.80410E-04,8.58681E-05,6.02980E-04,0.00000E+00,0.00000E+00,7.92455E-05,5.93092E-04,7.51605E-05,5.84483E-04,0.00000E+00,0.00000E+00,6.66479E-05,6.04790E-04,6.25236E-05,5.87942E-04,0.00000E+00,0.00000E+00,5.44021E-05,6.15546E-04,5.08049E-05,5.97055E-04,0.00000E+00,0.00000E+00,4.79295E-05,6.39316E-04,5.43202E-05,7.47041E-04,7.92327E-05,6.26632E-04,1.01465E-04,6.69274E-04,1.04072E-04,6.66371E-04,1.05380E-04,6.81563E-04,1.01957E-04,6.59699E-04,1.07394E-04,6.84213E-04,9.98036E-05,6.57449E-04,9.81725E-05,6.48296E-04,1.04182E-04,6.66023E-04,9.57642E-05,6.57631E-04,9.42791E-05,6.61894E-04,1.00339E-04,6.64623E-04,9.29699E-05,6.54985E-04,9.39148E-05,6.66350E-04,9.25582E-05,6.56175E-04,9.31597E-05,6.76017E-04,8.17599E-05,6.32935E-04,7.63401E-05,5.46578E-04,8.56365E-05,5.70193E-04,9.31130E-05,5.79770E-04,8.94852E-05,5.70753E-04,8.80266E-05,5.73638E-04,8.88300E-05,5.83943E-04,8.14456E-05,5.80388E-04,7.74995E-05,5.80354E-04,7.65100E-05,6.01228E-04,6.93034E-05,5.84147E-04,6.48007E-05,5.78527E-04,6.27933E-05,5.95289E-04,5.57160E-05,5.88510E-04,5.18386E-05,5.90761E-04,5.13444E-05,6.08637E-04,4.95361E-05,6.43932E-04,5.82926E-05,7.41384E-04,8.59459E-05,6.28086E-04,1.10666E-04,6.84368E-04,1.13799E-04,6.84641E-04,1.14491E-04,6.66423E-04,1.11422E-04,6.60186E-04,1.18632E-04,6.92821E-04,1.08430E-04,6.60420E-04,1.07532E-04,6.61438E-04,1.14231E-04,6.84598E-04,1.04499E-04,6.65947E-04,1.03038E-04,6.71677E-04,1.09614E-04,6.89205E-04,1.00825E-04,6.67385E-04,1.01621E-04,6.67862E-04,1.00922E-04,6.69436E-04,1.01127E-04,6.66592E-04,8.80965E-05,6.26901E-04,8.22540E-05,5.37911E-04,9.27358E-05,5.62506E-04,1.00108E-04,5.92162E-04,9.60639E-05,5.78338E-04,9.44251E-05,5.86209E-04,9.50092E-05,5.99439E-04,8.73606E-05,5.86906E-04,8.29105E-05,5.81478E-04,8.19813E-05,6.04841E-04,7.41160E-05,5.85996E-04,6.92838E-05,5.79175E-04,6.71338E-05,5.99260E-04,5.97321E-05,5.94069E-04,5.53306E-05,5.91504E-04,5.51168E-05,6.17777E-04,5.30876E-05,6.29060E-04,6.25367E-05,7.39052E-04,9.34118E-05,6.31301E-04,1.26292E-04,6.87828E-04,0.00000E+00,0.00000E+00,1.32189E-04,6.83744E-04,1.29057E-04,6.72099E-04,0.00000E+00,0.00000E+00,1.25680E-04,6.75408E-04,1.24234E-04,6.65925E-04,3.06729E-09,3.66635E-04,1.21126E-04,6.68340E-04,1.18977E-04,6.70857E-04,0.00000E+00,0.00000E+00,1.16426E-04,6.78300E-04,1.16751E-04,6.97323E-04,0.00000E+00,0.00000E+00,1.14703E-04,6.87220E-04,9.56895E-05,6.32561E-04,8.89214E-05,5.51481E-04,1.02604E-04,5.75027E-04,0.00000E+00,0.00000E+00,1.07043E-04,5.91451E-04,1.04350E-04,5.87031E-04,0.00000E+00,0.00000E+00,9.74987E-05,5.91276E-04,9.21654E-05,5.89553E-04,2.43542E-09,2.70848E-04,8.23385E-05,6.01925E-04,7.67070E-05,5.85369E-04,0.00000E+00,0.00000E+00,6.62951E-05,6.10090E-04,6.12006E-05,5.98850E-04,0.00000E+00,0.00000E+00,5.82025E-05,6.36642E-04,6.62274E-05,7.35135E-04,9.95076E-05,6.24231E-04,1.28298E-04,6.60147E-04,1.30966E-04,6.63426E-04,1.32545E-04,6.73850E-04,1.29262E-04,6.63713E-04,1.36252E-04,6.70565E-04,1.25770E-04,6.53206E-04,1.24050E-04,6.58491E-04,1.31026E-04,6.75667E-04,1.21296E-04,6.58440E-04,1.18849E-04,6.49574E-04,1.25981E-04,6.72862E-04,1.16113E-04,6.52908E-04,1.17258E-04,6.66974E-04,1.15371E-04,6.72201E-04,1.15638E-04,