seed = -707541872;
pop = 117000;
Inactive_Cycles = 1525;
Active_Cycles = 950;
Total_CPU_Time = 1.82868E+05;
Total_Transport_Time = 2.38770E+03;
Time_Per_Integration = 7.44143E-10;
Clock_Time = 2.41245E+03;
keff_keff = [ 1.07729E+00,2.39283E-05];
fissionRate_fissionRate = reshape([ 7.12204E-05,1.14901E-04,7.02878E-05,1.13681E-04,6.98548E-05,1.13743E-04,6.97079E-05,1.14096E-04,6.97564E-05,1.13362E-04,6.98586E-05,1.13908E-04,6.93639E-05,1.14087E-04,6.90071E-05,1.13444E-04,6.88339E-05,1.13495E-04,6.82225E-05,1.14201E-04,6.78032E-05,1.13859E-04,6.76097E-05,1.13003E-04,6.69248E-05,1.13383E-04,6.64637E-05,1.13168E-04,6.65724E-05,1.12611E-04,6.82676E-05,1.11529E-04,7.37789E-05,1.09161E-04,6.43899E-05,9.90057E-05,6.80381E-05,9.66733E-05,6.92321E-05,9.60928E-05,6.92087E-05,9.57292E-05,6.83237E-05,9.56212E-05,6.69830E-05,9.53145E-05,6.44896E-05,9.59265E-05,6.19056E-05,9.53305E-05,5.93238E-05,9.52142E-05,5.59593E-05,9.56214E-05,5.26472E-05,9.51006E-05,4.93926E-05,9.51743E-05,4.55720E-05,9.50862E-05,4.19770E-05,9.52466E-05,3.89270E-05,9.51131E-05,3.75439E-05,9.53197E-05,4.04337E-05,9.84756E-05,4.75462E-05,9.07229E-05,5.99919E-05,1.00508E-04,5.88265E-05,1.00912E-04,5.91434E-05,1.00970E-04,6.00890E-05,1.01303E-04,6.24127E-05,1.02242E-04,5.94231E-05,1.01932E-04,5.90071E-05,1.01779E-04,6.11407E-05,1.01772E-04,5.83695E-05,1.01744E-04,5.80956E-05,1.02184E-04,6.04244E-05,1.02348E-04,5.77003E-05,1.01374E-04,5.65029E-05,1.00559E-04,5.65484E-05,9.99990E-05,5.98336E-05,1.00838E-04,5.30037E-05,9.16226E-05,4.93211E-05,8.03324E-05,5.39614E-05,8.05264E-05,5.60992E-05,8.05712E-05,5.71303E-05,8.08238E-05,5.72411E-05,8.16966E-05,5.78079E-05,8.25468E-05,5.41461E-05,8.20420E-05,5.19203E-05,8.16704E-05,5.11541E-05,8.21107E-05,4.70078E-05,8.18298E-05,4.42299E-05,8.15224E-05,4.27568E-05,8.26703E-05,3.85368E-05,8.18844E-05,3.52815E-05,8.14488E-05,3.27937E-05,8.20146E-05,3.24559E-05,8.51097E-05,3.75340E-05,9.52403E-05,4.27179E-05,8.08169E-05,5.31829E-05,8.86225E-05,5.30926E-05,9.02344E-05,5.61357E-05,9.33621E-05,5.65854E-05,9.42837E-05,0.00000E+00,0.00000E+00,5.39586E-05,9.28699E-05,5.34371E-05,9.21338E-05,0.00000E+00,0.00000E+00,5.28358E-05,9.19609E-05,5.27175E-05,9.20635E-05,0.00000E+00,0.00000E+00,5.42944E-05,9.38556E-05,5.36373E-05,9.27561E-05,5.11957E-05,8.96429E-05,5.37794E-05,9.01273E-05,4.92072E-05,8.52946E-05,4.65274E-05,7.25515E-05,5.18921E-05,7.42100E-05,5.54818E-05,7.62445E-05,5.88548E-05,7.88954E-05,5.90536E-05,7.90709E-05,0.00000E+00,0.00000E+00,5.51138E-05,7.91495E-05,5.27224E-05,7.78999E-05,0.00000E+00,0.00000E+00,4.78019E-05,7.90436E-05,4.49626E-05,7.82161E-05,0.00000E+00,0.00000E+00,3.99463E-05,7.97646E-05,3.67587E-05,7.95259E-05,3.32516E-05,7.90495E-05,3.27780E-05,8.18182E-05,3.89018E-05,9.48761E-05,4.41837E-05,7.88889E-05,5.56883E-05,8.72051E-05,5.83740E-05,9.11359E-05,0.00000E+00,0.00000E+00,5.76514E-05,9.27364E-05,6.23866E-05,9.40719E-05,5.76515E-05,8.99427E-05,5.70293E-05,8.94849E-05,5.95583E-05,9.29162E-05,5.63694E-05,8.93639E-05,5.63241E-05,8.96252E-05,6.02709E-05,9.36192E-05,5.52149E-05,9.19343E-05,0.00000E+00,0.00000E+00,5.62298E-05,9.07409E-05,5.63913E-05,8.87847E-05,5.11770E-05,8.36586E-05,4.84255E-05,7.09235E-05,5.46868E-05,7.28732E-05,6.07538E-05,7.70341E-05,0.00000E+00,0.00000E+00,6.21871E-05,7.78415E-05,6.01552E-05,7.71861E-05,5.55387E-05,7.59065E-05,5.30787E-05,7.55457E-05,5.24845E-05,7.66712E-05,4.80826E-05,7.57312E-05,4.53686E-05,7.54554E-05,4.45334E-05,7.71538E-05,4.19346E-05,7.79391E-05,0.00000E+00,0.00000E+00,3.67421E-05,7.99503E-05,3.52479E-05,8.15801E-05,4.19468E-05,9.53256E-05,4.77595E-05,7.89661E-05,6.12441E-05,8.89756E-05,6.39836E-05,9.26906E-05,6.21928E-05,9.16197E-05,6.54657E-05,9.20830E-05,6.60493E-05,9.33422E-05,6.11094E-05,8.91075E-05,6.05339E-05,8.89267E-05,6.38145E-05,9.19947E-05,5.98410E-05,8.87744E-05,5.96579E-05,8.86065E-05,6.37647E-05,9.33334E-05,6.26713E-05,9.16365E-05,5.92617E-05,9.09545E-05,6.15427E-05,9.22952E-05,6.19014E-05,9.02490E-05,5.51450E-05,8.31504E-05,5.20857E-05,7.02941E-05,5.94283E-05,7.35081E-05,6.59014E-05,7.72931E-05,6.69371E-05,7.66967E-05,6.43597E-05,7.61325E-05,6.41129E-05,7.72186E-05,5.93626E-05,7.57197E-05,5.67993E-05,7.52230E-05,5.63109E-05,7.71732E-05,5.14661E-05,7.52323E-05,4.84670E-05,7.54352E-05,4.75213E-05,7.73302E-05,4.35077E-05,7.67898E-05,4.19297E-05,7.77219E-05,3.99306E-05,7.98150E-05,3.85349E-05,8.18723E-05,4.55609E-05,9.51447E-05,5.19351E-05,7.91529E-05,6.91699E-05,9.05982E-05,0.00000E+00,0.00000E+00,7.35411E-05,9.40544E-05,7.12555E-05,9.17476E-05,0.00000E+00,0.00000E+00,6.93264E-05,9.20211E-05,6.87563E-05,9.10125E-05,0.00000E+00,0.00000E+00,6.79870E-05,9.07056E-05,6.75798E-05,9.10655E-05,0.00000E+00,0.00000E+00,6.81704E-05,9.17162E-05,6.99706E-05,9.35559E-05,0.00000E+00,0.00000E+00,6.95333E-05,9.13294E-05,5.97520E-05,8.35820E-05,5.63945E-05,7.04740E-05,6.59917E-05,7.52659E-05,0.00000E+00,0.00000E+00,7.11897E-05,7.63281E-05,7.01086E-05,7.61593E-05,0.00000E+00,0.00000E+00,6.58747E-05,7.68118E-05,6.31115E-05,7.61356E-05,0.00000E+00,0.00000E+00,5.72146E-05,7.66551E-05,5.37813E-05,7.57657E-05,0.00000E+00,0.00000E+00,4.75329E-05,7.72245E-05,4.45158E-05,7.71796E-05,0.00000E+00,0.00000E+00,4.27176E-05,8.24728E-05,4.93594E-05,9.50698E-05,5.55572E-05,7.88279E-05,7.08581E-05,8.80775E-05,7.13150E-05,8.92010E-05,7.34817E-05,8.97749E-05,7.15688E-05,8.82048E-05,7.47014E-05,9.05259E-05,7.03587E-05,8.77902E-05,7.00480E-05,8.73126E-05,7.35014E-05,8.97965E-05,6.91653E-05,8.72438E-05,6.85460E-05,8.74307E-05,7.19391E-05,9.02727E-05,6.83454E-05,8.79111E-05,6.97886E-05,8.90292E-05,6.83191E-05,8.87895E-05,7.11886E-05,8.94205E-05,6.36971E-05,8.32723E-05,5.99774E-05,7.01781E-05,6.81338E-05,7.29080E-05,7.42826E-05,7.50936E-05,7.24704E-05,7.44367E-05,7.16183E-05,7.45940E-05,7.25026E-05,7.58447E-05,6.76231E-05,7.46902E-05,6.49143E-05,7.44437E-05,6.42928E-05,7.59022E-05,5.87922E-05,7.46479E-05,5.52942E-05,7.45109E-05,5.37709E-05,7.57244E-05,4.84722E-05,7.54031E-05,4.53461E-05,7.55472E-05,4.49257E-05,7.78384E-05,4.42122E-05,8.15701E-05,5.26182E-05,9.52174E-05,5.95416E-05,7.90508E-05,7.60918E-05,8.82837E-05,7.68703E-05,9.08193E-05,7.86962E-05,9.03931E-05,7.67784E-05,8.90156E-05,8.06986E-05,9.20275E-05,7.58149E-05,8.81899E-05,7.59121E-05,8.78076E-05,8.10409E-05,9.08354E-05,7.49924E-05,8.76488E-05,7.37593E-05,8.78793E-05,7.75652E-05,9.17869E-05,7.30706E-05,8.83963E-05,7.45059E-05,8.95433E-05,7.32906E-05,9.00584E-05,7.60718E-05,9.00351E-05,6.79326E-05,8.33455E-05,6.39084E-05,6.97922E-05,7.26032E-05,7.30051E-05,7.91418E-05,7.58626E-05,7.69946E-05,7.44698E-05,7.61263E-05,7.48626E-05,7.72401E-05,7.69573E-05,7.19940E-05,7.51742E-05,6.90625E-05,7.47490E-05,6.85664E-05,7.65772E-05,6.25531E-05,7.49555E-05,5.88013E-05,7.46826E-05,5.72397E-05,7.66952E-05,5.14501E-05,7.53222E-05,4.80574E-05,7.57382E-05,4.77850E-05,7.88464E-05,4.69921E-05,8.18785E-05,5.59515E-05,9.53724E-05,6.37962E-05,7.89090E-05,8.47102E-05,9.03871E-05,0.00000E+00,0.00000E+00,8.82165E-05,9.31838E-05,8.62811E-05,9.17344E-05,0.00000E+00,0.00000E+00,8.53797E-05,9.14939E-05,8.62537E-05,9.00216E-05,2.13632E-09,3.35406E-05,8.51175E-05,9.01744E-05,8.28579E-05,9.06598E-05,0.00000E+00,0.00000E+00,8.19172E-05,9.10896E-05,8.31970E-05,9.26894E-05,0.00000E+00,0.00000E+00,8.41085E-05,9.13933E-05,7.23262E-05,8.35677E-05,6.80991E-05,7.03085E-05,7.94111E-05,7.49636E-05,0.00000E+00,0.00000E+00,8.44171E-05,7.57333E-05,8.33404E-05,7.60989E-05,0.00000E+00,0.00000E+00,7.89055E-05,7.65198E-05,7.56040E-05,7.56343E-05,2.00190E-09,2.20122E-05,6.85624E-05,7.67868E-05,6.42658E-05,7.58144E-05,0.00000E+00,0.00000E+00,5.63054E-05,7.72218E-05,5.24840E-05,7.66882E-05,0.00000E+00,0.00000E+00,5.11403E-05,8.23467E-05,5.92695E-05,9.53994E-05,6.72268E-05,7.87878E-05,8.57074E-05,8.81919E-05,8.62602E-05,8.91972E-05,8.88138E-05,8.94927E-05,8.67008E-05,8.83545E-05,9.06814E-05,9.10297E-05,8.54649E-05,8.82402E-05,8.52811E-05,8.72583E-05,9.02362E-05,8.95630E-05,8.39563E-05,8.75579E-05,8.25695E-05,8.75210E-05,8.64068E-05,9.04162E-05,8.18358E-05,8.78466E-05,8.33929E-05,8.91502E-05,8.15932E-05,8.93327E-05,8.49100E-05,