seed = -1693452513;
pop = 1750;
Inactive_Cycles = 1000;
Active_Cycles = 2600;
Total_CPU_Time = 4.21722E+03;
Total_Transport_Time = 3.97370E+02;
Time_Per_Integration = 6.86558E-09;
Clock_Time = 4.18545E+02;
keff_keff = [ 1.18664E+00,1.63558E-04];
fissionRate_fissionRate = reshape([ 9.13243E-05,6.20174E-04,8.95135E-05,5.98354E-04,8.91310E-05,5.85856E-04,8.90383E-05,5.82160E-04,8.87283E-05,5.78499E-04,8.93385E-05,5.75588E-04,8.81641E-05,5.81345E-04,8.68816E-05,5.89563E-04,8.65390E-05,5.93265E-04,8.57213E-05,5.88843E-04,8.46553E-05,5.82538E-04,8.39784E-05,5.77877E-04,8.23013E-05,5.73594E-04,8.10701E-05,5.70168E-04,7.99268E-05,5.74621E-04,8.13081E-05,5.78947E-04,8.76231E-05,5.68485E-04,7.62526E-05,5.44349E-04,8.02758E-05,5.42323E-04,8.12707E-05,5.42449E-04,8.09851E-05,5.31832E-04,7.92472E-05,5.26166E-04,7.70096E-05,5.28354E-04,7.37218E-05,5.27454E-04,7.05142E-05,5.27750E-04,6.70519E-05,5.33118E-04,6.27200E-05,5.28356E-04,5.86797E-05,5.31363E-04,5.46381E-05,5.26976E-04,5.00865E-05,5.38154E-04,4.58205E-05,5.33495E-04,4.24607E-05,5.24639E-04,4.06737E-05,5.22785E-04,4.37131E-05,5.50806E-04,6.24073E-05,4.77720E-04,7.82484E-05,5.08965E-04,7.71599E-05,5.01805E-04,7.77346E-05,4.98331E-04,7.91605E-05,5.04025E-04,8.33854E-05,5.02611E-04,7.82469E-05,5.05241E-04,7.70919E-05,5.04715E-04,8.04291E-05,5.10758E-04,7.57371E-05,5.08281E-04,7.48540E-05,5.03943E-04,7.84391E-05,5.02916E-04,7.33151E-05,5.00315E-04,7.04276E-05,4.94953E-04,6.93972E-05,4.93069E-04,7.26216E-05,4.98086E-04,6.43430E-05,4.70209E-04,5.94805E-05,4.43630E-04,6.44744E-05,4.48044E-04,6.67688E-05,4.51239E-04,6.78508E-05,4.50049E-04,6.72886E-05,4.48555E-04,6.78874E-05,4.60370E-04,6.28302E-05,4.54744E-04,5.97459E-05,4.55303E-04,5.86840E-05,4.59231E-04,5.31936E-05,4.52079E-04,4.98829E-05,4.49704E-04,4.81796E-05,4.60215E-04,4.31385E-05,4.55982E-04,3.89853E-05,4.60906E-04,3.59783E-05,4.53967E-04,3.53010E-05,4.72260E-04,4.03253E-05,5.25107E-04,5.72204E-05,4.34566E-04,7.11166E-05,4.53159E-04,7.22405E-05,4.57458E-04,7.75170E-05,4.71237E-04,7.84782E-05,4.67240E-04,0.00000E+00,0.00000E+00,7.44829E-05,4.62004E-04,7.33047E-05,4.61360E-04,0.00000E+00,0.00000E+00,7.13992E-05,4.64287E-04,7.11209E-05,4.63486E-04,0.00000E+00,0.00000E+00,7.23154E-05,4.71196E-04,7.07205E-05,4.70435E-04,6.50746E-05,4.53016E-04,6.68119E-05,4.57985E-04,6.06966E-05,4.38056E-04,5.67696E-05,4.04385E-04,6.28812E-05,4.17627E-04,6.71509E-05,4.25972E-04,7.06821E-05,4.44798E-04,7.05219E-05,4.39378E-04,0.00000E+00,0.00000E+00,6.48116E-05,4.42031E-04,6.13361E-05,4.37645E-04,0.00000E+00,0.00000E+00,5.50485E-05,4.45654E-04,5.14424E-05,4.36797E-04,0.00000E+00,0.00000E+00,4.51576E-05,4.50598E-04,4.13445E-05,4.50496E-04,3.68041E-05,4.41127E-04,3.60736E-05,4.48613E-04,4.20052E-05,5.10975E-04,6.04288E-05,4.31508E-04,7.64715E-05,4.46541E-04,8.26721E-05,4.61572E-04,0.00000E+00,0.00000E+00,8.15338E-05,4.63649E-04,8.73565E-05,4.66128E-04,7.89883E-05,4.48768E-04,7.78825E-05,4.46977E-04,8.22134E-05,4.61913E-04,7.64392E-05,4.49396E-04,7.57530E-05,4.49019E-04,8.19721E-05,4.67165E-04,7.48878E-05,4.60068E-04,0.00000E+00,0.00000E+00,7.44379E-05,4.58508E-04,7.14831E-05,4.48767E-04,6.40921E-05,4.35434E-04,6.00423E-05,3.92891E-04,6.76654E-05,4.07320E-04,7.45289E-05,4.32835E-04,0.00000E+00,0.00000E+00,7.49732E-05,4.39426E-04,7.19621E-05,4.37148E-04,6.57910E-05,4.29533E-04,6.24048E-05,4.23144E-04,6.11339E-05,4.35302E-04,5.56044E-05,4.26544E-04,5.18758E-05,4.24784E-04,5.08866E-05,4.36611E-04,4.78339E-05,4.35321E-04,0.00000E+00,0.00000E+00,4.12009E-05,4.46720E-04,3.90906E-05,4.47856E-04,4.59117E-05,5.22488E-04,6.64119E-05,4.27401E-04,8.60613E-05,4.57271E-04,9.18101E-05,4.72929E-04,8.89855E-05,4.65380E-04,9.26987E-05,4.58632E-04,9.38511E-05,4.75085E-04,8.50515E-05,4.49687E-04,8.35256E-05,4.50235E-04,8.94746E-05,4.67402E-04,8.21826E-05,4.44514E-04,8.15606E-05,4.46741E-04,8.82028E-05,4.70956E-04,8.51161E-05,4.56976E-04,8.11315E-05,4.56084E-04,8.31400E-05,4.61213E-04,8.04302E-05,4.53677E-04,6.98939E-05,4.27467E-04,6.54568E-05,3.93091E-04,7.41292E-05,4.12352E-04,8.17567E-05,4.33543E-04,8.23403E-05,4.31543E-04,7.82451E-05,4.30224E-04,7.78620E-05,4.39050E-04,7.09618E-05,4.23779E-04,6.74901E-05,4.21853E-04,6.62746E-05,4.34246E-04,6.00960E-05,4.23618E-04,5.60958E-05,4.20876E-04,5.48532E-05,4.34432E-04,4.99770E-05,4.29827E-04,4.77181E-05,4.36841E-04,4.51636E-05,4.46503E-04,4.28532E-05,4.55906E-04,5.01261E-05,5.23344E-04,7.35453E-05,4.28138E-04,9.96857E-05,4.66721E-04,0.00000E+00,0.00000E+00,1.06442E-04,4.72621E-04,1.02758E-04,4.67737E-04,0.00000E+00,0.00000E+00,9.93295E-05,4.63984E-04,9.76537E-05,4.57647E-04,0.00000E+00,0.00000E+00,9.55973E-05,4.59312E-04,9.48364E-05,4.53742E-04,0.00000E+00,0.00000E+00,9.43642E-05,4.60043E-04,9.57784E-05,4.65973E-04,0.00000E+00,0.00000E+00,9.23586E-05,4.61822E-04,7.67603E-05,4.27250E-04,7.19532E-05,3.97101E-04,8.36412E-05,4.22457E-04,0.00000E+00,0.00000E+00,8.85058E-05,4.35753E-04,8.58968E-05,4.27574E-04,0.00000E+00,0.00000E+00,7.97457E-05,4.30539E-04,7.55078E-05,4.28340E-04,0.00000E+00,0.00000E+00,6.76393E-05,4.33155E-04,6.30810E-05,4.26153E-04,0.00000E+00,0.00000E+00,5.48230E-05,4.39112E-04,5.08943E-05,4.32617E-04,0.00000E+00,0.00000E+00,4.79351E-05,4.58956E-04,5.46358E-05,5.26383E-04,7.94283E-05,4.31852E-04,1.01852E-04,4.53863E-04,1.04432E-04,4.56063E-04,1.05631E-04,4.50218E-04,1.02599E-04,4.47728E-04,1.08224E-04,4.57613E-04,1.00004E-04,4.44774E-04,9.95253E-05,4.38952E-04,1.05039E-04,4.50236E-04,9.70820E-05,4.38615E-04,9.59086E-05,4.36996E-04,1.01489E-04,4.52068E-04,9.43091E-05,4.38350E-04,9.47108E-05,4.41091E-04,9.36993E-05,4.46321E-04,9.40092E-05,4.54068E-04,8.22614E-05,4.30499E-04,7.71835E-05,3.93091E-04,8.68834E-05,4.06676E-04,9.38283E-05,4.23872E-04,9.03936E-05,4.18668E-04,8.83946E-05,4.16625E-04,8.90962E-05,4.25924E-04,8.20881E-05,4.19342E-04,7.83081E-05,4.18704E-04,7.69260E-05,4.26677E-04,6.95356E-05,4.19539E-04,6.49469E-05,4.16210E-04,6.30185E-05,4.27009E-04,5.61099E-05,4.24171E-04,5.18902E-05,4.23611E-04,5.10854E-05,4.46790E-04,4.95865E-05,4.52949E-04,5.81902E-05,5.25443E-04,8.65746E-05,4.29590E-04,1.11248E-04,4.60309E-04,1.14642E-04,4.67470E-04,1.14894E-04,4.56730E-04,1.11737E-04,4.51400E-04,1.19488E-04,4.69204E-04,1.09640E-04,4.51098E-04,1.09070E-04,4.43080E-04,1.15594E-04,4.63033E-04,1.05849E-04,4.38958E-04,1.04151E-04,4.43316E-04,1.11349E-04,4.65139E-04,1.02033E-04,4.43990E-04,1.02876E-04,4.44502E-04,1.02086E-04,4.53424E-04,1.01921E-04,4.52284E-04,8.88511E-05,4.27931E-04,8.31713E-05,3.92812E-04,9.36858E-05,4.06571E-04,1.01261E-04,4.23414E-04,9.73403E-05,4.14191E-04,9.51584E-05,4.19334E-04,9.62777E-05,4.33001E-04,8.84072E-05,4.21046E-04,8.40538E-05,4.19553E-04,8.29777E-05,4.30501E-04,7.46669E-05,4.19049E-04,6.96113E-05,4.16959E-04,6.74034E-05,4.29363E-04,6.00500E-05,4.23958E-04,5.54299E-05,4.24247E-04,5.48683E-05,4.43112E-04,5.31249E-05,4.57971E-04,6.25942E-05,5.37515E-04,9.43097E-05,4.28423E-04,1.27579E-04,4.64998E-04,0.00000E+00,0.00000E+00,1.33043E-04,4.70485E-04,1.29843E-04,4.61556E-04,0.00000E+00,0.00000E+00,1.26950E-04,4.66425E-04,1.25683E-04,4.62393E-04,3.11112E-09,3.62831E-04,1.22084E-04,4.57114E-04,1.20056E-04,4.53993E-04,0.00000E+00,0.00000E+00,1.17413E-04,4.58507E-04,1.18230E-04,4.63608E-04,0.00000E+00,0.00000E+00,1.15886E-04,4.58540E-04,9.60403E-05,4.31649E-04,8.94749E-05,3.95524E-04,1.04017E-04,4.21822E-04,0.00000E+00,0.00000E+00,1.08053E-04,4.22273E-04,1.05698E-04,4.31205E-04,0.00000E+00,0.00000E+00,9.82585E-05,4.31697E-04,9.27973E-05,4.28752E-04,2.44497E-09,2.90593E-04,8.27577E-05,4.28903E-04,7.67476E-05,4.24521E-04,0.00000E+00,0.00000E+00,6.60740E-05,4.28534E-04,6.10539E-05,4.37481E-04,0.00000E+00,0.00000E+00,5.83480E-05,4.59909E-04,6.65145E-05,5.28662E-04,1.00457E-04,4.30629E-04,1.29116E-04,4.53934E-04,1.32282E-04,4.56397E-04,1.33555E-04,4.52384E-04,1.29392E-04,4.49225E-04,1.37209E-04,4.54698E-04,1.26615E-04,4.41100E-04,1.25359E-04,4.45678E-04,1.32213E-04,4.50785E-04,1.22005E-04,4.43465E-04,1.20008E-04,4.43108E-04,1.27124E-04,4.50975E-04,1.17221E-04,4.39381E-04,1.17966E-04,4.46505E-04,1.16381E-04,4.49332E-04,1.17031E-04,