seed = -1810499889;
pop = 117000;
Inactive_Cycles = 1525;
Active_Cycles = 950;
Total_CPU_Time = 5.08249E+05;
Total_Transport_Time = 6.65225E+03;
Time_Per_Integration = 2.07322E-09;
Clock_Time = 6.70640E+03;
keff_keff = [ 1.07781E+00,2.38853E-05];
fissionRate_fissionRate = reshape([ 6.77574E-05,1.16415E-04,6.68725E-05,1.14750E-04,6.63904E-05,1.14837E-04,6.63295E-05,1.14831E-04,6.63481E-05,1.15183E-04,6.63534E-05,1.14598E-04,6.58715E-05,1.14871E-04,6.55660E-05,1.15178E-04,6.54026E-05,1.14837E-04,6.48343E-05,1.14989E-04,6.44202E-05,1.14881E-04,6.42450E-05,1.14248E-04,6.35893E-05,1.14218E-04,6.31327E-05,1.14616E-04,6.32536E-05,1.13325E-04,6.48684E-05,1.13113E-04,7.04710E-05,1.10530E-04,6.18745E-05,1.00617E-04,6.56294E-05,9.93462E-05,6.68694E-05,9.90471E-05,6.68568E-05,9.83567E-05,6.60363E-05,9.78704E-05,6.47551E-05,9.78017E-05,6.23121E-05,9.76238E-05,5.97633E-05,9.76999E-05,5.72308E-05,9.68051E-05,5.39565E-05,9.76811E-05,5.07337E-05,9.73329E-05,4.75844E-05,9.70642E-05,4.37986E-05,9.74200E-05,4.02473E-05,9.74209E-05,3.72295E-05,9.73125E-05,3.58373E-05,9.74232E-05,3.86457E-05,1.01181E-04,4.61087E-05,9.15513E-05,5.80019E-05,1.00886E-04,5.68620E-05,1.01053E-04,5.72611E-05,1.01425E-04,5.81297E-05,1.02282E-04,6.05291E-05,1.03349E-04,5.74253E-05,1.02364E-04,5.70402E-05,1.02660E-04,5.93165E-05,1.02615E-04,5.64399E-05,1.02344E-04,5.61646E-05,1.01939E-04,5.85739E-05,1.02548E-04,5.57639E-05,1.01682E-04,5.46461E-05,1.00962E-04,5.45948E-05,1.00483E-04,5.77725E-05,1.01296E-04,5.14150E-05,9.23240E-05,4.81106E-05,8.15545E-05,5.27325E-05,8.22836E-05,5.48346E-05,8.22033E-05,5.58225E-05,8.25746E-05,5.59615E-05,8.33588E-05,5.66119E-05,8.42657E-05,5.28609E-05,8.35126E-05,5.06664E-05,8.34017E-05,5.00088E-05,8.40893E-05,4.58077E-05,8.35218E-05,4.30671E-05,8.31287E-05,4.17444E-05,8.43403E-05,3.74813E-05,8.35445E-05,3.42265E-05,8.34756E-05,3.16921E-05,8.37845E-05,3.12011E-05,8.63552E-05,3.58422E-05,9.72801E-05,4.20211E-05,8.21256E-05,5.21419E-05,8.98322E-05,5.20950E-05,9.09887E-05,5.53478E-05,9.49590E-05,5.57027E-05,9.54227E-05,0.00000E+00,0.00000E+00,5.31381E-05,9.38677E-05,5.25723E-05,9.36346E-05,0.00000E+00,0.00000E+00,5.20026E-05,9.36289E-05,5.19060E-05,9.36376E-05,0.00000E+00,0.00000E+00,5.33909E-05,9.51117E-05,5.27989E-05,9.41903E-05,5.01380E-05,9.08191E-05,5.26010E-05,9.16048E-05,4.82690E-05,8.61962E-05,4.58586E-05,7.44621E-05,5.11195E-05,7.60472E-05,5.46791E-05,7.84785E-05,5.81516E-05,8.05741E-05,5.82805E-05,8.07902E-05,0.00000E+00,0.00000E+00,5.43512E-05,8.07236E-05,5.19578E-05,8.03032E-05,0.00000E+00,0.00000E+00,4.70640E-05,8.12816E-05,4.42097E-05,8.02712E-05,0.00000E+00,0.00000E+00,3.92150E-05,8.19746E-05,3.59961E-05,8.15305E-05,3.23379E-05,8.08515E-05,3.16792E-05,8.36720E-05,3.72514E-05,9.73328E-05,4.37996E-05,8.04567E-05,5.50397E-05,8.82820E-05,5.79129E-05,9.28077E-05,0.00000E+00,0.00000E+00,5.71638E-05,9.41516E-05,6.18256E-05,9.54371E-05,5.69045E-05,9.11437E-05,5.62360E-05,9.06733E-05,5.89523E-05,9.38985E-05,5.56032E-05,9.06859E-05,5.55663E-05,9.06703E-05,5.96917E-05,9.52079E-05,5.46777E-05,9.39950E-05,0.00000E+00,0.00000E+00,5.56426E-05,9.23453E-05,5.55798E-05,8.97510E-05,5.05098E-05,8.50988E-05,4.80142E-05,7.22647E-05,5.42122E-05,7.50340E-05,6.03275E-05,7.89174E-05,0.00000E+00,0.00000E+00,6.16011E-05,7.99538E-05,5.96432E-05,7.94863E-05,5.48271E-05,7.80950E-05,5.24004E-05,7.75267E-05,5.19001E-05,7.89721E-05,4.73596E-05,7.76422E-05,4.46362E-05,7.78405E-05,4.39446E-05,7.91567E-05,4.12688E-05,8.01434E-05,0.00000E+00,0.00000E+00,3.59815E-05,8.18740E-05,3.42049E-05,8.31075E-05,4.02273E-05,9.73588E-05,4.74957E-05,8.05204E-05,6.07655E-05,8.99535E-05,6.36806E-05,9.39489E-05,6.18050E-05,9.30258E-05,6.48084E-05,9.37280E-05,6.57121E-05,9.52700E-05,6.05385E-05,9.01315E-05,5.99588E-05,8.98882E-05,6.34748E-05,9.39367E-05,5.92598E-05,9.00441E-05,5.91076E-05,9.01877E-05,6.33871E-05,9.46982E-05,6.19994E-05,9.31741E-05,5.88091E-05,9.26150E-05,6.10800E-05,9.43712E-05,6.11753E-05,9.14591E-05,5.46088E-05,8.47005E-05,5.17919E-05,7.22121E-05,5.90724E-05,7.56691E-05,6.56411E-05,7.92084E-05,6.65658E-05,7.91907E-05,6.37715E-05,7.85550E-05,6.37367E-05,7.96398E-05,5.87376E-05,7.74528E-05,5.61611E-05,7.73409E-05,5.58432E-05,7.95526E-05,5.08194E-05,7.75459E-05,4.78186E-05,7.73980E-05,4.70021E-05,7.94972E-05,4.28229E-05,7.88465E-05,4.12816E-05,8.00016E-05,3.91790E-05,8.22129E-05,3.74407E-05,8.33930E-05,4.37744E-05,9.74964E-05,5.18013E-05,8.05945E-05,6.89808E-05,9.20602E-05,0.00000E+00,0.00000E+00,7.33295E-05,9.52352E-05,7.10448E-05,9.37669E-05,0.00000E+00,0.00000E+00,6.91558E-05,9.29606E-05,6.85727E-05,9.25529E-05,0.00000E+00,0.00000E+00,6.77621E-05,9.28454E-05,6.73407E-05,9.30390E-05,0.00000E+00,0.00000E+00,6.78624E-05,9.33107E-05,6.95921E-05,9.49707E-05,0.00000E+00,0.00000E+00,6.90754E-05,9.31949E-05,5.93138E-05,8.47973E-05,5.62605E-05,7.25888E-05,6.59161E-05,7.75425E-05,0.00000E+00,0.00000E+00,7.10429E-05,7.82305E-05,6.98404E-05,7.83109E-05,0.00000E+00,0.00000E+00,6.55735E-05,7.92979E-05,6.27035E-05,7.81745E-05,0.00000E+00,0.00000E+00,5.67761E-05,7.91137E-05,5.33263E-05,7.78854E-05,0.00000E+00,0.00000E+00,4.70131E-05,7.96790E-05,4.39381E-05,7.92973E-05,0.00000E+00,0.00000E+00,4.17299E-05,8.41195E-05,4.75472E-05,9.69192E-05,5.54995E-05,8.01982E-05,7.05546E-05,8.89851E-05,7.12826E-05,9.07877E-05,7.31427E-05,9.09791E-05,7.12376E-05,8.97634E-05,7.45651E-05,9.22644E-05,6.99734E-05,8.90932E-05,6.96478E-05,8.86111E-05,7.33969E-05,9.14411E-05,6.88058E-05,8.86059E-05,6.81998E-05,8.83981E-05,7.17769E-05,9.15756E-05,6.78930E-05,8.92986E-05,6.92900E-05,8.99625E-05,6.80462E-05,9.04891E-05,7.05881E-05,9.09414E-05,6.32863E-05,8.46830E-05,5.98758E-05,7.21512E-05,6.79399E-05,7.51414E-05,7.41740E-05,7.73278E-05,7.20837E-05,7.64329E-05,7.11949E-05,7.65275E-05,7.22588E-05,7.79904E-05,6.71553E-05,7.66271E-05,6.43310E-05,7.66306E-05,6.39258E-05,7.79245E-05,5.82304E-05,7.68766E-05,5.46918E-05,7.65618E-05,5.33417E-05,7.79137E-05,4.78554E-05,7.74162E-05,4.46606E-05,7.75633E-05,4.42239E-05,7.99948E-05,4.30425E-05,8.33990E-05,5.06884E-05,9.75215E-05,5.95391E-05,8.04992E-05,7.58753E-05,8.97786E-05,7.70094E-05,9.23473E-05,7.84665E-05,9.11586E-05,7.65141E-05,9.01448E-05,8.07685E-05,9.43759E-05,7.55367E-05,8.94744E-05,7.57023E-05,8.90722E-05,8.11082E-05,9.26114E-05,7.46521E-05,8.93447E-05,7.34592E-05,8.94743E-05,7.75027E-05,9.37240E-05,7.27185E-05,8.97132E-05,7.40662E-05,9.05365E-05,7.31493E-05,9.24620E-05,7.55633E-05,9.12796E-05,6.75612E-05,8.48608E-05,6.38320E-05,7.23199E-05,7.24642E-05,7.51835E-05,7.91970E-05,7.80825E-05,7.66908E-05,7.68580E-05,7.57287E-05,7.68827E-05,7.70547E-05,7.86975E-05,7.14942E-05,7.70342E-05,6.86033E-05,7.68938E-05,6.82441E-05,7.90488E-05,6.20218E-05,7.70074E-05,5.82228E-05,7.68310E-05,5.67948E-05,7.92147E-05,5.08259E-05,7.76008E-05,4.73790E-05,7.78329E-05,4.70413E-05,8.08857E-05,4.57866E-05,8.35160E-05,5.39216E-05,9.76677E-05,6.39513E-05,8.04048E-05,8.48675E-05,9.19089E-05,0.00000E+00,0.00000E+00,8.84058E-05,9.50958E-05,8.64898E-05,9.32365E-05,0.00000E+00,0.00000E+00,8.55232E-05,9.29677E-05,8.64231E-05,9.15334E-05,2.14752E-09,3.89152E-05,8.52735E-05,9.15040E-05,8.29148E-05,9.26189E-05,0.00000E+00,0.00000E+00,8.19154E-05,9.35846E-05,8.31465E-05,9.41457E-05,0.00000E+00,0.00000E+00,8.38785E-05,9.30527E-05,7.20670E-05,8.46951E-05,6.81753E-05,7.20571E-05,7.95420E-05,7.70325E-05,0.00000E+00,0.00000E+00,8.44394E-05,7.82228E-05,8.33260E-05,7.81617E-05,0.00000E+00,0.00000E+00,7.87190E-05,7.88474E-05,7.54294E-05,7.81758E-05,2.00172E-09,2.78401E-05,6.82507E-05,7.86409E-05,6.39206E-05,7.78707E-05,0.00000E+00,0.00000E+00,5.58619E-05,7.91535E-05,5.18953E-05,7.85193E-05,0.00000E+00,0.00000E+00,5.00088E-05,8.39303E-05,5.72502E-05,9.72473E-05,6.74067E-05,8.02546E-05,8.56972E-05,8.96393E-05,8.65286E-05,9.09118E-05,8.87209E-05,9.08624E-05,8.66326E-05,8.96795E-05,9.09534E-05,9.22994E-05,8.53759E-05,8.89857E-05,8.51408E-05,8.85259E-05,9.04629E-05,9.12458E-05,8.37928E-05,8.86368E-05,8.24578E-05,8.88704E-05,8.65753E-05,9.18646E-05,8.15993E-05,8.92777E-05,8.30400E-05,9.04125E-05,8.15948E-05,9.07658E-05,8.43960E-05,