seed = 272410529;
pop = 1750;
Inactive_Cycles = 1000;
Active_Cycles = 2600;
Total_CPU_Time = 4.20436E+03;
Total_Transport_Time = 4.27468E+02;
Time_Per_Integration = 7.38472E-09;
Clock_Time = 4.48707E+02;
keff_keff = [ 1.18658E+00,1.68315E-04];
fissionRate_fissionRate = reshape([ 9.08281E-05,6.15762E-04,8.99017E-05,5.89171E-04,8.90586E-05,5.89709E-04,8.90416E-05,5.89092E-04,8.93397E-05,5.89921E-04,8.93424E-05,5.78630E-04,8.81599E-05,5.87293E-04,8.69495E-05,5.78157E-04,8.67458E-05,5.78628E-04,8.51562E-05,5.82358E-04,8.39373E-05,5.85069E-04,8.31024E-05,5.81732E-04,8.21378E-05,5.95172E-04,8.08664E-05,6.06922E-04,7.93196E-05,6.03416E-04,8.06508E-05,6.00975E-04,8.68726E-05,5.91254E-04,7.59067E-05,5.53361E-04,8.02845E-05,5.40901E-04,8.08514E-05,5.39467E-04,8.00488E-05,5.29050E-04,7.89005E-05,5.26214E-04,7.65352E-05,5.28681E-04,7.34413E-05,5.35214E-04,7.01205E-05,5.48875E-04,6.70122E-05,5.54220E-04,6.27385E-05,5.61942E-04,5.82330E-05,5.48593E-04,5.44527E-05,5.46649E-04,4.99061E-05,5.57216E-04,4.58204E-05,5.43928E-04,4.19810E-05,5.44820E-04,4.02241E-05,5.52946E-04,4.35323E-05,5.73535E-04,6.17875E-05,4.79682E-04,7.79982E-05,5.10663E-04,7.72231E-05,5.01373E-04,7.76022E-05,5.03521E-04,7.95140E-05,5.02354E-04,8.35370E-05,5.00384E-04,7.84360E-05,4.99821E-04,7.70225E-05,5.01224E-04,8.06279E-05,5.00255E-04,7.55371E-05,5.01569E-04,7.40742E-05,5.00463E-04,7.80157E-05,4.98400E-04,7.27855E-05,5.04407E-04,7.03383E-05,5.06870E-04,6.91827E-05,5.09704E-04,7.23670E-05,5.11971E-04,6.37402E-05,4.79985E-04,5.93006E-05,4.48361E-04,6.45436E-05,4.49230E-04,6.66264E-05,4.54998E-04,6.73823E-05,4.48722E-04,6.66905E-05,4.54615E-04,6.70427E-05,4.65389E-04,6.25606E-05,4.57298E-04,5.94957E-05,4.61972E-04,5.83776E-05,4.75694E-04,5.32406E-05,4.67411E-04,4.96101E-05,4.69071E-04,4.77761E-05,4.69966E-04,4.26250E-05,4.71295E-04,3.89594E-05,4.67703E-04,3.58636E-05,4.66939E-04,3.51920E-05,4.86429E-04,4.02551E-05,5.48768E-04,5.71930E-05,4.31666E-04,7.12352E-05,4.51385E-04,7.17880E-05,4.55847E-04,7.78511E-05,4.68776E-04,7.84930E-05,4.68467E-04,0.00000E+00,0.00000E+00,7.45107E-05,4.60518E-04,7.31496E-05,4.59084E-04,0.00000E+00,0.00000E+00,7.15827E-05,4.62359E-04,7.04796E-05,4.61626E-04,0.00000E+00,0.00000E+00,7.20768E-05,4.70415E-04,7.07253E-05,4.69470E-04,6.50140E-05,4.60111E-04,6.65993E-05,4.59338E-04,6.04356E-05,4.43893E-04,5.67560E-05,4.13808E-04,6.29779E-05,4.18131E-04,6.67540E-05,4.29806E-04,7.06196E-05,4.41833E-04,6.99898E-05,4.44764E-04,0.00000E+00,0.00000E+00,6.42966E-05,4.50843E-04,6.11019E-05,4.47820E-04,0.00000E+00,0.00000E+00,5.47144E-05,4.52284E-04,5.12010E-05,4.47156E-04,0.00000E+00,0.00000E+00,4.50523E-05,4.58542E-04,4.10305E-05,4.56400E-04,3.65682E-05,4.47730E-04,3.57997E-05,4.67767E-04,4.19287E-05,5.45949E-04,6.05467E-05,4.30263E-04,7.63253E-05,4.46731E-04,8.22698E-05,4.62112E-04,0.00000E+00,0.00000E+00,8.13191E-05,4.64338E-04,8.76582E-05,4.63177E-04,7.93517E-05,4.47512E-04,7.77244E-05,4.49630E-04,8.21579E-05,4.64181E-04,7.62734E-05,4.48880E-04,7.57709E-05,4.47855E-04,8.14869E-05,4.68592E-04,7.45959E-05,4.60670E-04,0.00000E+00,0.00000E+00,7.41135E-05,4.58820E-04,7.12397E-05,4.54162E-04,6.37153E-05,4.39057E-04,6.00520E-05,4.04768E-04,6.69322E-05,4.15460E-04,7.40141E-05,4.35324E-04,0.00000E+00,0.00000E+00,7.46835E-05,4.41450E-04,7.16798E-05,4.42033E-04,6.55780E-05,4.34037E-04,6.18142E-05,4.30255E-04,6.10545E-05,4.37442E-04,5.53904E-05,4.40178E-04,5.18359E-05,4.35874E-04,5.08593E-05,4.44042E-04,4.73938E-05,4.52266E-04,0.00000E+00,0.00000E+00,4.09083E-05,4.60703E-04,3.87786E-05,4.63337E-04,4.53078E-05,5.45634E-04,6.60273E-05,4.26750E-04,8.58327E-05,4.52253E-04,9.20145E-05,4.68019E-04,8.94327E-05,4.59274E-04,9.27114E-05,4.59568E-04,9.42510E-05,4.64085E-04,8.52036E-05,4.46856E-04,8.42261E-05,4.44016E-04,9.00975E-05,4.66065E-04,8.23626E-05,4.48140E-04,8.13757E-05,4.42430E-04,8.78169E-05,4.68622E-04,8.49023E-05,4.61804E-04,7.99149E-05,4.60578E-04,8.28375E-05,4.64829E-04,7.99713E-05,4.55118E-04,6.95310E-05,4.35542E-04,6.50825E-05,4.04064E-04,7.34197E-05,4.20397E-04,8.10092E-05,4.36550E-04,8.15186E-05,4.37019E-04,7.79873E-05,4.29704E-04,7.75609E-05,4.42091E-04,7.09469E-05,4.33449E-04,6.70662E-05,4.31120E-04,6.59915E-05,4.43038E-04,5.97012E-05,4.33675E-04,5.58396E-05,4.35259E-04,5.45609E-05,4.45897E-04,4.93681E-05,4.37880E-04,4.73157E-05,4.46820E-04,4.45946E-05,4.61375E-04,4.22968E-05,4.71290E-04,4.95943E-05,5.42006E-04,7.33765E-05,4.24488E-04,9.97334E-05,4.61261E-04,0.00000E+00,0.00000E+00,1.06134E-04,4.71066E-04,1.02858E-04,4.65644E-04,0.00000E+00,0.00000E+00,9.91409E-05,4.57864E-04,9.76553E-05,4.60328E-04,0.00000E+00,0.00000E+00,9.58895E-05,4.59555E-04,9.43588E-05,4.62225E-04,0.00000E+00,0.00000E+00,9.40467E-05,4.63841E-04,9.55678E-05,4.67131E-04,0.00000E+00,0.00000E+00,9.19688E-05,4.67788E-04,7.62450E-05,4.33339E-04,7.14178E-05,3.96983E-04,8.29444E-05,4.24762E-04,0.00000E+00,0.00000E+00,8.79951E-05,4.31046E-04,8.56325E-05,4.33114E-04,0.00000E+00,0.00000E+00,7.95612E-05,4.34888E-04,7.53842E-05,4.32968E-04,0.00000E+00,0.00000E+00,6.73030E-05,4.46769E-04,6.29330E-05,4.34896E-04,0.00000E+00,0.00000E+00,5.45772E-05,4.40813E-04,5.04037E-05,4.44880E-04,0.00000E+00,0.00000E+00,4.76057E-05,4.73183E-04,5.42724E-05,5.39416E-04,7.96801E-05,4.24059E-04,1.02233E-04,4.47367E-04,1.04800E-04,4.50160E-04,1.05484E-04,4.46062E-04,1.02771E-04,4.46645E-04,1.08065E-04,4.52399E-04,1.00656E-04,4.42433E-04,9.90649E-05,4.38904E-04,1.04451E-04,4.51012E-04,9.60840E-05,4.41522E-04,9.51048E-05,4.44622E-04,1.00768E-04,4.48419E-04,9.37053E-05,4.41725E-04,9.44465E-05,4.45166E-04,9.26041E-05,4.51792E-04,9.34565E-05,4.52686E-04,8.19810E-05,4.34243E-04,7.62700E-05,3.97842E-04,8.58288E-05,4.10336E-04,9.33426E-05,4.22605E-04,9.00947E-05,4.24304E-04,8.79345E-05,4.24726E-04,8.88924E-05,4.32287E-04,8.17743E-05,4.27789E-04,7.78876E-05,4.25521E-04,7.67823E-05,4.34757E-04,6.95437E-05,4.25909E-04,6.47226E-05,4.24063E-04,6.26083E-05,4.31904E-04,5.54459E-05,4.28296E-04,5.15345E-05,4.29830E-04,5.09547E-05,4.47361E-04,4.95335E-05,4.82333E-04,5.79932E-05,5.39587E-04,8.65672E-05,4.26667E-04,1.11362E-04,4.47916E-04,1.14393E-04,4.59680E-04,1.15041E-04,4.52860E-04,1.11844E-04,4.50549E-04,1.19120E-04,4.66637E-04,1.09001E-04,4.47877E-04,1.08244E-04,4.46351E-04,1.14745E-04,4.65947E-04,1.05037E-04,4.45577E-04,1.03606E-04,4.47215E-04,1.10692E-04,4.66919E-04,1.01688E-04,4.46999E-04,1.02259E-04,4.50033E-04,1.01391E-04,4.61547E-04,1.01328E-04,4.56423E-04,8.85652E-05,4.37138E-04,8.24160E-05,3.96200E-04,9.26521E-05,4.14768E-04,1.00358E-04,4.28584E-04,9.61816E-05,4.20646E-04,9.42829E-05,4.24246E-04,9.58650E-05,4.38312E-04,8.80417E-05,4.26164E-04,8.34657E-05,4.30750E-04,8.22270E-05,4.34780E-04,7.42236E-05,4.28818E-04,6.92712E-05,4.30682E-04,6.70828E-05,4.41443E-04,5.95528E-05,4.27581E-04,5.49293E-05,4.32560E-04,5.47297E-05,4.47346E-04,5.28896E-05,4.61099E-04,6.20095E-05,5.34588E-04,9.37820E-05,4.29841E-04,1.27158E-04,4.65673E-04,0.00000E+00,0.00000E+00,1.32533E-04,4.71539E-04,1.28959E-04,4.63744E-04,0.00000E+00,0.00000E+00,1.26405E-04,4.62476E-04,1.24521E-04,4.56825E-04,3.08128E-09,3.68736E-04,1.21584E-04,4.63042E-04,1.19475E-04,4.57558E-04,0.00000E+00,0.00000E+00,1.16665E-04,4.66225E-04,1.17348E-04,4.70339E-04,0.00000E+00,0.00000E+00,1.15386E-04,4.62351E-04,9.56464E-05,4.34517E-04,8.89081E-05,4.00331E-04,1.03132E-04,4.23890E-04,0.00000E+00,0.00000E+00,1.07561E-04,4.28932E-04,1.04745E-04,4.33110E-04,0.00000E+00,0.00000E+00,9.73808E-05,4.35699E-04,9.24178E-05,4.31553E-04,2.43286E-09,3.04923E-04,8.19810E-05,4.35842E-04,7.64038E-05,4.32965E-04,0.00000E+00,0.00000E+00,6.59472E-05,4.38437E-04,6.07127E-05,4.39100E-04,0.00000E+00,0.00000E+00,5.81068E-05,4.65752E-04,6.64035E-05,5.39056E-04,1.00701E-04,4.28227E-04,1.28861E-04,4.52376E-04,1.31523E-04,4.54455E-04,1.32768E-04,4.51965E-04,1.29249E-04,4.44847E-04,1.36287E-04,4.58741E-04,1.25405E-04,4.41799E-04,1.24460E-04,4.43608E-04,1.31535E-04,4.49262E-04,1.21359E-04,4.42489E-04,1.19290E-04,4.42254E-04,1.26023E-04,4.58962E-04,1.16542E-04,4.46490E-04,1.16879E-04,4.50009E-04,1.14728E-04,4.53817E-04,1.15938E-04,