seed = 1519797288;
pop = 1750;
Inactive_Cycles = 1000;
Active_Cycles = 2600;
Total_CPU_Time = 2.80127E+03;
Total_Transport_Time = 2.84017E+02;
Time_Per_Integration = 4.49630E-09;
Clock_Time = 3.02981E+02;
keff_keff = [ 1.18673E+00,4.42471E-05];
fissionRate_fissionRate = reshape([ 1.87877E-05,5.16333E-04,1.85842E-05,5.04891E-04,1.83387E-05,5.07823E-04,1.84798E-05,5.02474E-04,1.84280E-05,5.03731E-04,1.83987E-05,5.00827E-04,1.82868E-05,5.00534E-04,1.79730E-05,5.06058E-04,1.78938E-05,5.00490E-04,1.76870E-05,5.01039E-04,1.74463E-05,4.97321E-04,1.72812E-05,5.04168E-04,1.70317E-05,5.03561E-04,1.67545E-05,5.00749E-04,1.66007E-05,5.02928E-04,1.68465E-05,5.02565E-04,1.81320E-05,4.93383E-04,1.58289E-05,4.43229E-04,1.65317E-05,4.44012E-04,1.68128E-05,4.38276E-04,1.67022E-05,4.36323E-04,1.63361E-05,4.39496E-04,1.59160E-05,4.37817E-04,1.52551E-05,4.39502E-04,1.45273E-05,4.38581E-04,1.37824E-05,4.38024E-04,1.28716E-05,4.37103E-04,1.20704E-05,4.39871E-04,1.12312E-05,4.38416E-04,1.03289E-05,4.42958E-04,9.46243E-06,4.42836E-04,8.76517E-06,4.39498E-04,8.36227E-06,4.39182E-04,9.01494E-06,4.54350E-04,1.28492E-05,4.09798E-04,1.62812E-05,4.49165E-04,1.59684E-05,4.47177E-04,1.61147E-05,4.49732E-04,1.64794E-05,4.49094E-04,1.72243E-05,4.52548E-04,1.61865E-05,4.51040E-04,1.59565E-05,4.51658E-04,1.66816E-05,4.49625E-04,1.56284E-05,4.48600E-04,1.55321E-05,4.46652E-04,1.62079E-05,4.47268E-04,1.51835E-05,4.46555E-04,1.46967E-05,4.45740E-04,1.44307E-05,4.48950E-04,1.50557E-05,4.56672E-04,1.32185E-05,4.16471E-04,1.22761E-05,3.69538E-04,1.33506E-05,3.68395E-04,1.37927E-05,3.72490E-04,1.39563E-05,3.76825E-04,1.38902E-05,3.76970E-04,1.39744E-05,3.84387E-04,1.29604E-05,3.80310E-04,1.23726E-05,3.79556E-04,1.20856E-05,3.84057E-04,1.09436E-05,3.84359E-04,1.02662E-05,3.80490E-04,9.90426E-06,3.83814E-04,8.87465E-06,3.82010E-04,8.04134E-06,3.81340E-04,7.45804E-06,3.83908E-04,7.30578E-06,3.93222E-04,8.37147E-06,4.39649E-04,1.18243E-05,3.71332E-04,1.47354E-05,4.02119E-04,1.49075E-05,4.04609E-04,1.60883E-05,4.16652E-04,1.61634E-05,4.19977E-04,0.00000E+00,0.00000E+00,1.53486E-05,4.11976E-04,1.50745E-05,4.14332E-04,0.00000E+00,0.00000E+00,1.47285E-05,4.16019E-04,1.46842E-05,4.14264E-04,0.00000E+00,0.00000E+00,1.49827E-05,4.20714E-04,1.46134E-05,4.16647E-04,1.35168E-05,4.09316E-04,1.38486E-05,4.09280E-04,1.25324E-05,3.89125E-04,1.17398E-05,3.36639E-04,1.29880E-05,3.45010E-04,1.38270E-05,3.52844E-04,1.45914E-05,3.68234E-04,1.45498E-05,3.68489E-04,0.00000E+00,0.00000E+00,1.34095E-05,3.70833E-04,1.26462E-05,3.66709E-04,0.00000E+00,0.00000E+00,1.13016E-05,3.70757E-04,1.05460E-05,3.67863E-04,0.00000E+00,0.00000E+00,9.25976E-06,3.76684E-04,8.51714E-06,3.75408E-04,7.62741E-06,3.69864E-04,7.42712E-06,3.86405E-04,8.75744E-06,4.36650E-04,1.24646E-05,3.65919E-04,1.58297E-05,3.96590E-04,1.69429E-05,4.15102E-04,0.00000E+00,0.00000E+00,1.68889E-05,4.12039E-04,1.80893E-05,4.19202E-04,1.63929E-05,4.03337E-04,1.61070E-05,4.01531E-04,1.70070E-05,4.12476E-04,1.57284E-05,4.00208E-04,1.56357E-05,4.03561E-04,1.69471E-05,4.17757E-04,1.55463E-05,4.10325E-04,0.00000E+00,0.00000E+00,1.53275E-05,4.10429E-04,1.47866E-05,4.04780E-04,1.31581E-05,3.84407E-04,1.23172E-05,3.31142E-04,1.38788E-05,3.40396E-04,1.53221E-05,3.58528E-04,0.00000E+00,0.00000E+00,1.54654E-05,3.66060E-04,1.48193E-05,3.64548E-04,1.35059E-05,3.57703E-04,1.28800E-05,3.56747E-04,1.25800E-05,3.63729E-04,1.14323E-05,3.57110E-04,1.07289E-05,3.58732E-04,1.05146E-05,3.62192E-04,9.83153E-06,3.66823E-04,0.00000E+00,0.00000E+00,8.52676E-06,3.75591E-04,8.11640E-06,3.77042E-04,9.50499E-06,4.36878E-04,1.37047E-05,3.61835E-04,1.77727E-05,4.01140E-04,1.89610E-05,4.17558E-04,1.84638E-05,4.09543E-04,1.92204E-05,4.09652E-04,1.93894E-05,4.16810E-04,1.76245E-05,4.00597E-04,1.73133E-05,3.99392E-04,1.84536E-05,4.14863E-04,1.70037E-05,4.00355E-04,1.68452E-05,3.98085E-04,1.81730E-05,4.18997E-04,1.74806E-05,4.12544E-04,1.67289E-05,4.08064E-04,1.70856E-05,4.17270E-04,1.64771E-05,4.08810E-04,1.43603E-05,3.85802E-04,1.34298E-05,3.30250E-04,1.52148E-05,3.44511E-04,1.68395E-05,3.59961E-04,1.69599E-05,3.61156E-04,1.61309E-05,3.56302E-04,1.58880E-05,3.63960E-04,1.46220E-05,3.54211E-04,1.38768E-05,3.52619E-04,1.36592E-05,3.62778E-04,1.23185E-05,3.55779E-04,1.15498E-05,3.54313E-04,1.12922E-05,3.67338E-04,1.02386E-05,3.64196E-04,9.80015E-06,3.66568E-04,9.33067E-06,3.75691E-04,8.86796E-06,3.82753E-04,1.03394E-05,4.40963E-04,1.51144E-05,3.60914E-04,2.06110E-05,4.09654E-04,0.00000E+00,0.00000E+00,2.19814E-05,4.21333E-04,2.13288E-05,4.12924E-04,0.00000E+00,0.00000E+00,2.05681E-05,4.09932E-04,2.01969E-05,4.08832E-04,0.00000E+00,0.00000E+00,1.98303E-05,4.13986E-04,1.95741E-05,4.12684E-04,0.00000E+00,0.00000E+00,1.93800E-05,4.13416E-04,1.97767E-05,4.16927E-04,0.00000E+00,0.00000E+00,1.90239E-05,4.14994E-04,1.57694E-05,3.81273E-04,1.47566E-05,3.26265E-04,1.71310E-05,3.50089E-04,0.00000E+00,0.00000E+00,1.82558E-05,3.57633E-04,1.77506E-05,3.57640E-04,0.00000E+00,0.00000E+00,1.63289E-05,3.61465E-04,1.55354E-05,3.57624E-04,0.00000E+00,0.00000E+00,1.38701E-05,3.66427E-04,1.29874E-05,3.58257E-04,0.00000E+00,0.00000E+00,1.12994E-05,3.63805E-04,1.04458E-05,3.66094E-04,0.00000E+00,0.00000E+00,9.93126E-06,3.87962E-04,1.12778E-05,4.37313E-04,1.64116E-05,3.62148E-04,2.11187E-05,3.97633E-04,2.14699E-05,4.02378E-04,2.18231E-05,4.00421E-04,2.12476E-05,3.94945E-04,2.22888E-05,4.08887E-04,2.06351E-05,3.96435E-04,2.04277E-05,3.93575E-04,2.14986E-05,4.09738E-04,1.99457E-05,3.92205E-04,1.97652E-05,3.93029E-04,2.08556E-05,4.06337E-04,1.94302E-05,3.99187E-04,1.96518E-05,3.99647E-04,1.91901E-05,4.02204E-04,1.93894E-05,4.10013E-04,1.69669E-05,3.83236E-04,1.58687E-05,3.24821E-04,1.78359E-05,3.40481E-04,1.92895E-05,3.49859E-04,1.87099E-05,3.46153E-04,1.82349E-05,3.51025E-04,1.83394E-05,3.57245E-04,1.69671E-05,3.49701E-04,1.60807E-05,3.48769E-04,1.58142E-05,3.58692E-04,1.42994E-05,3.50525E-04,1.33800E-05,3.50768E-04,1.29429E-05,3.58112E-04,1.15657E-05,3.55179E-04,1.07664E-05,3.57141E-04,1.06204E-05,3.67982E-04,1.03018E-05,3.77034E-04,1.20491E-05,4.41328E-04,1.77719E-05,3.63110E-04,2.29845E-05,3.99308E-04,2.36105E-05,4.09182E-04,2.39127E-05,4.03312E-04,2.31352E-05,3.97568E-04,2.45928E-05,4.16057E-04,2.26340E-05,3.97356E-04,2.21631E-05,3.97768E-04,2.37525E-05,4.14837E-04,2.17140E-05,3.99626E-04,2.15064E-05,3.96383E-04,2.28732E-05,4.16857E-04,2.09956E-05,3.99869E-04,2.12538E-05,4.03668E-04,2.09212E-05,4.11166E-04,2.10126E-05,4.08927E-04,1.83055E-05,3.83035E-04,1.71163E-05,3.26503E-04,1.92326E-05,3.40103E-04,2.08160E-05,3.59353E-04,1.99693E-05,3.48202E-04,1.95786E-05,3.50740E-04,1.97307E-05,3.60909E-04,1.81363E-05,3.51466E-04,1.72704E-05,3.48354E-04,1.70416E-05,3.61449E-04,1.53543E-05,3.54679E-04,1.42996E-05,3.52596E-04,1.38807E-05,3.63768E-04,1.24039E-05,3.54705E-04,1.14927E-05,3.55033E-04,1.13437E-05,3.71553E-04,1.10394E-05,3.78878E-04,1.28913E-05,4.41219E-04,1.94006E-05,3.59544E-04,2.61949E-05,4.10676E-04,0.00000E+00,0.00000E+00,2.74101E-05,4.17362E-04,2.67169E-05,4.08610E-04,0.00000E+00,0.00000E+00,2.60097E-05,4.11326E-04,2.55769E-05,4.10223E-04,6.35512E-10,1.49668E-04,2.50829E-05,4.10357E-04,2.47546E-05,4.08283E-04,0.00000E+00,0.00000E+00,2.40983E-05,4.14804E-04,2.42551E-05,4.15923E-04,0.00000E+00,0.00000E+00,2.38439E-05,4.12963E-04,1.97603E-05,3.80822E-04,1.83614E-05,3.27019E-04,2.12607E-05,3.50137E-04,0.00000E+00,0.00000E+00,2.21898E-05,3.53093E-04,2.15909E-05,3.56662E-04,0.00000E+00,0.00000E+00,2.01476E-05,3.57441E-04,1.90899E-05,3.57556E-04,5.02864E-10,1.02352E-04,1.69973E-05,3.58605E-04,1.58499E-05,3.58675E-04,0.00000E+00,0.00000E+00,1.37243E-05,3.64030E-04,1.26686E-05,3.60951E-04,0.00000E+00,0.00000E+00,1.21360E-05,3.83710E-04,1.37874E-05,4.35614E-04,2.06950E-05,3.60895E-04,2.66805E-05,3.95859E-04,2.73131E-05,3.99904E-04,2.75465E-05,4.00383E-04,2.68031E-05,3.93305E-04,2.81559E-05,4.06134E-04,2.61995E-05,3.94141E-04,2.58704E-05,3.93228E-04,2.71445E-05,4.06930E-04,2.50936E-05,3.93318E-04,2.46310E-05,3.95128E-04,2.59753E-05,4.04177E-04,2.41600E-05,3.94206E-04,2.43354E-05,3.97006E-04,2.38117E-05,3.99377E-04,2.40277E-05,