seed = 1347812169;
pop = 1750;
Inactive_Cycles = 1000;
Active_Cycles = 2600;
Total_CPU_Time = 3.85299E+03;
Total_Transport_Time = 3.67585E+02;
Time_Per_Integration = 6.35058E-09;
Clock_Time = 3.86074E+02;
keff_keff = [ 1.18641E+00,1.49116E-04];
fissionRate_fissionRate = reshape([ 9.08718E-05,5.28834E-04,8.95141E-05,5.24277E-04,8.89567E-05,5.25039E-04,8.88266E-05,5.25153E-04,8.86892E-05,5.27094E-04,8.90742E-05,5.23014E-04,8.83457E-05,5.23037E-04,8.71432E-05,5.16795E-04,8.65878E-05,5.16020E-04,8.54671E-05,5.20316E-04,8.42141E-05,5.20238E-04,8.33294E-05,5.18908E-04,8.19250E-05,5.24044E-04,8.05311E-05,5.21228E-04,7.97064E-05,5.27403E-04,8.11740E-05,5.18783E-04,8.75538E-05,5.11892E-04,7.62169E-05,4.69376E-04,8.01499E-05,4.64065E-04,8.07018E-05,4.65503E-04,8.05176E-05,4.59274E-04,7.88250E-05,4.58843E-04,7.68629E-05,4.55413E-04,7.32577E-05,4.55655E-04,6.94947E-05,4.59849E-04,6.64123E-05,4.59833E-04,6.20935E-05,4.61603E-04,5.81272E-05,4.59760E-04,5.39794E-05,4.58722E-04,4.97419E-05,4.62828E-04,4.54847E-05,4.62844E-04,4.21063E-05,4.59897E-04,4.02870E-05,4.59965E-04,4.34680E-05,4.77564E-04,6.23071E-05,4.21810E-04,7.84510E-05,4.63349E-04,7.71322E-05,4.61343E-04,7.77000E-05,4.56935E-04,7.91066E-05,4.62016E-04,8.32640E-05,4.62512E-04,7.81009E-05,4.62198E-04,7.70605E-05,4.60190E-04,8.06514E-05,4.62434E-04,7.51883E-05,4.65795E-04,7.44183E-05,4.60644E-04,7.79921E-05,4.66475E-04,7.27793E-05,4.64371E-04,7.02584E-05,4.61764E-04,6.92415E-05,4.62069E-04,7.22281E-05,4.67685E-04,6.37549E-05,4.27612E-04,5.90394E-05,3.86482E-04,6.45600E-05,3.88965E-04,6.65726E-05,3.93783E-04,6.73431E-05,3.94747E-04,6.69133E-05,3.94232E-04,6.72720E-05,4.02809E-04,6.24419E-05,3.97971E-04,5.91952E-05,3.96307E-04,5.80656E-05,4.04174E-04,5.29439E-05,3.95450E-04,4.96023E-05,3.94427E-04,4.77584E-05,4.01923E-04,4.26019E-05,4.00165E-04,3.88235E-05,3.99207E-04,3.57706E-05,3.99987E-04,3.50843E-05,4.13823E-04,4.04193E-05,4.59247E-04,5.73941E-05,3.85300E-04,7.14588E-05,4.14969E-04,7.19324E-05,4.21339E-04,7.80545E-05,4.35357E-04,7.87105E-05,4.31054E-04,0.00000E+00,0.00000E+00,7.38304E-05,4.31351E-04,7.28359E-05,4.25734E-04,0.00000E+00,0.00000E+00,7.15082E-05,4.29574E-04,7.08173E-05,4.28433E-04,0.00000E+00,0.00000E+00,7.21504E-05,4.31003E-04,7.04173E-05,4.35463E-04,6.50053E-05,4.23294E-04,6.62830E-05,4.26743E-04,5.99122E-05,4.07248E-04,5.66157E-05,3.58803E-04,6.29068E-05,3.64821E-04,6.66317E-05,3.73910E-04,7.03410E-05,3.84076E-04,7.03873E-05,3.84940E-04,0.00000E+00,0.00000E+00,6.45343E-05,3.88930E-04,6.11413E-05,3.86798E-04,0.00000E+00,0.00000E+00,5.46404E-05,3.87944E-04,5.09441E-05,3.85377E-04,0.00000E+00,0.00000E+00,4.48121E-05,3.94616E-04,4.09268E-05,3.92777E-04,3.64601E-05,3.90161E-04,3.56585E-05,4.01063E-04,4.21117E-05,4.65774E-04,6.06763E-05,3.82544E-04,7.67164E-05,4.14462E-04,8.23023E-05,4.27877E-04,0.00000E+00,0.00000E+00,8.15839E-05,4.31727E-04,8.76508E-05,4.35464E-04,7.90376E-05,4.19449E-04,7.76239E-05,4.15903E-04,8.18119E-05,4.32130E-04,7.58947E-05,4.16974E-04,7.56424E-05,4.18874E-04,8.17798E-05,4.35356E-04,7.48280E-05,4.28402E-04,0.00000E+00,0.00000E+00,7.39603E-05,4.26162E-04,7.12064E-05,4.22059E-04,6.35188E-05,4.01497E-04,5.99217E-05,3.52788E-04,6.71076E-05,3.62647E-04,7.38893E-05,3.78423E-04,0.00000E+00,0.00000E+00,7.49152E-05,3.81526E-04,7.15734E-05,3.83721E-04,6.51736E-05,3.73967E-04,6.18625E-05,3.74247E-04,6.09736E-05,3.80198E-04,5.54424E-05,3.71130E-04,5.16544E-05,3.73743E-04,5.07785E-05,3.80171E-04,4.73751E-05,3.84456E-04,0.00000E+00,0.00000E+00,4.08357E-05,3.95208E-04,3.87699E-05,4.01594E-04,4.54943E-05,4.61032E-04,6.65737E-05,3.79700E-04,8.60181E-05,4.19027E-04,9.18950E-05,4.30769E-04,8.91995E-05,4.23873E-04,9.29011E-05,4.24533E-04,9.40218E-05,4.34856E-04,8.48812E-05,4.21294E-04,8.37725E-05,4.15700E-04,8.93427E-05,4.35247E-04,8.16401E-05,4.16490E-04,8.10017E-05,4.16591E-04,8.76597E-05,4.32483E-04,8.46467E-05,4.25425E-04,8.00065E-05,4.22289E-04,8.26919E-05,4.29521E-04,7.97088E-05,4.26167E-04,6.96023E-05,3.98059E-04,6.52607E-05,3.47881E-04,7.39746E-05,3.65506E-04,8.12967E-05,3.82780E-04,8.17847E-05,3.79294E-04,7.80446E-05,3.73430E-04,7.69777E-05,3.84145E-04,7.04583E-05,3.72119E-04,6.69905E-05,3.74265E-04,6.61149E-05,3.83796E-04,5.95393E-05,3.75000E-04,5.59007E-05,3.73087E-04,5.45331E-05,3.82053E-04,4.95657E-05,3.80626E-04,4.74480E-05,3.83737E-04,4.48384E-05,3.95414E-04,4.25686E-05,3.99612E-04,4.96470E-05,4.61907E-04,7.38757E-05,3.78791E-04,1.00282E-04,4.22792E-04,0.00000E+00,0.00000E+00,1.06597E-04,4.34620E-04,1.03055E-04,4.29681E-04,0.00000E+00,0.00000E+00,9.92741E-05,4.27306E-04,9.76235E-05,4.25007E-04,0.00000E+00,0.00000E+00,9.53345E-05,4.28990E-04,9.39722E-05,4.29574E-04,0.00000E+00,0.00000E+00,9.39230E-05,4.29129E-04,9.57563E-05,4.32921E-04,0.00000E+00,0.00000E+00,9.18281E-05,4.32643E-04,7.60004E-05,3.98583E-04,7.13483E-05,3.46701E-04,8.26141E-05,3.73121E-04,0.00000E+00,0.00000E+00,8.82131E-05,3.74882E-04,8.58822E-05,3.76675E-04,0.00000E+00,0.00000E+00,7.92929E-05,3.78403E-04,7.51408E-05,3.79119E-04,0.00000E+00,0.00000E+00,6.73851E-05,3.82115E-04,6.25947E-05,3.78500E-04,0.00000E+00,0.00000E+00,5.46258E-05,3.84822E-04,5.07077E-05,3.81092E-04,0.00000E+00,0.00000E+00,4.77017E-05,4.04830E-04,5.43890E-05,4.63428E-04,8.00212E-05,3.79407E-04,1.01891E-04,4.13309E-04,1.04640E-04,4.19123E-04,1.05917E-04,4.18038E-04,1.03265E-04,4.12315E-04,1.08565E-04,4.24246E-04,1.00032E-04,4.13607E-04,9.86416E-05,4.09634E-04,1.04530E-04,4.22633E-04,9.66873E-05,4.06666E-04,9.52401E-05,4.09732E-04,1.00777E-04,4.21975E-04,9.34887E-05,4.15188E-04,9.45411E-05,4.19841E-04,9.27729E-05,4.20689E-04,9.34480E-05,4.22457E-04,8.22248E-05,3.99370E-04,7.65532E-05,3.48375E-04,8.61316E-05,3.60768E-04,9.31856E-05,3.71557E-04,9.03483E-05,3.66630E-04,8.82140E-05,3.70781E-04,8.86108E-05,3.75384E-04,8.17097E-05,3.68248E-04,7.76620E-05,3.69204E-04,7.71077E-05,3.76254E-04,6.90156E-05,3.71417E-04,6.46457E-05,3.69901E-04,6.27492E-05,3.80343E-04,5.59175E-05,3.72440E-04,5.16665E-05,3.75543E-04,5.10419E-05,3.87162E-04,4.94042E-05,3.98579E-04,5.82945E-05,4.60993E-04,8.69525E-05,3.83617E-04,1.11627E-04,4.15862E-04,1.14784E-04,4.27676E-04,1.15966E-04,4.17220E-04,1.12107E-04,4.14635E-04,1.19330E-04,4.30430E-04,1.09681E-04,4.16171E-04,1.07852E-04,4.12837E-04,1.14718E-04,4.30469E-04,1.05284E-04,4.12067E-04,1.03613E-04,4.10937E-04,1.10739E-04,4.34649E-04,1.01704E-04,4.16517E-04,1.02238E-04,4.18584E-04,1.01157E-04,4.26234E-04,1.01122E-04,4.22603E-04,8.83263E-05,3.98730E-04,8.24429E-05,3.47662E-04,9.30965E-05,3.62293E-04,1.00638E-04,3.75285E-04,9.65938E-05,3.64714E-04,9.45708E-05,3.72191E-04,9.52470E-05,3.80180E-04,8.79703E-05,3.69362E-04,8.34083E-05,3.68021E-04,8.24462E-05,3.81886E-04,7.42191E-05,3.72555E-04,6.92394E-05,3.69568E-04,6.74766E-05,3.80739E-04,5.96059E-05,3.77163E-04,5.51345E-05,3.75114E-04,5.47288E-05,3.91869E-04,5.31238E-05,4.00383E-04,6.23551E-05,4.60176E-04,9.40678E-05,3.79851E-04,1.27558E-04,4.25340E-04,0.00000E+00,0.00000E+00,1.33207E-04,4.32209E-04,1.29839E-04,4.27048E-04,0.00000E+00,0.00000E+00,1.26821E-04,4.25858E-04,1.25197E-04,4.23438E-04,3.07952E-09,3.36558E-04,1.21194E-04,4.28057E-04,1.19713E-04,4.27035E-04,0.00000E+00,0.00000E+00,1.16987E-04,4.29142E-04,1.17369E-04,4.34708E-04,0.00000E+00,0.00000E+00,1.15261E-04,4.27445E-04,9.58589E-05,3.97965E-04,8.90388E-05,3.46979E-04,1.03061E-04,3.71569E-04,0.00000E+00,0.00000E+00,1.07574E-04,3.72760E-04,1.05430E-04,3.73437E-04,0.00000E+00,0.00000E+00,9.76534E-05,3.80883E-04,9.24332E-05,3.74139E-04,2.43039E-09,2.61934E-04,8.21982E-05,3.78354E-04,7.67933E-05,3.75474E-04,0.00000E+00,0.00000E+00,6.62768E-05,3.87568E-04,6.10892E-05,3.79895E-04,0.00000E+00,0.00000E+00,5.83584E-05,3.98070E-04,6.66970E-05,4.54941E-04,1.00716E-04,3.82509E-04,1.29306E-04,4.12959E-04,1.31762E-04,4.17148E-04,1.34067E-04,4.20611E-04,1.29827E-04,4.10649E-04,1.36734E-04,4.24927E-04,1.26591E-04,4.11368E-04,1.24606E-04,4.08361E-04,1.31717E-04,4.18775E-04,1.21259E-04,4.09062E-04,1.19677E-04,4.09752E-04,1.26000E-04,4.23813E-04,1.17630E-04,4.13863E-04,1.18115E-04,4.16277E-04,1.15754E-04,4.19207E-04,1.16142E-04,