seed = 1769759485;
pop = 40950;
Inactive_Cycles = 1525;
Active_Cycles = 950;
Total_CPU_Time = 1.43169E+05;
Total_Transport_Time = 1.85311E+03;
Time_Per_Integration = 1.80020E-09;
Clock_Time = 1.88965E+03;
keff_keff = [ 1.07804E+00,4.07543E-05];
fissionRate_fissionRate = reshape([ 6.75934E-05,2.09900E-04,6.66785E-05,2.04635E-04,6.62603E-05,2.06016E-04,6.61213E-05,2.05432E-04,6.62118E-05,2.05399E-04,6.62965E-05,2.04681E-04,6.57277E-05,2.04353E-04,6.53300E-05,2.05794E-04,6.52370E-05,2.05467E-04,6.45941E-05,2.04410E-04,6.42462E-05,2.04709E-04,6.41371E-05,2.03193E-04,6.34377E-05,2.04082E-04,6.29997E-05,2.04646E-04,6.31568E-05,2.02199E-04,6.47728E-05,2.01026E-04,7.02238E-05,1.96312E-04,6.17036E-05,1.82001E-04,6.55100E-05,1.78398E-04,6.66880E-05,1.77968E-04,6.66922E-05,1.77134E-04,6.58435E-05,1.76766E-04,6.45883E-05,1.75969E-04,6.21513E-05,1.76791E-04,5.96411E-05,1.76947E-04,5.71337E-05,1.75381E-04,5.38041E-05,1.76014E-04,5.06161E-05,1.77011E-04,4.74607E-05,1.75035E-04,4.36594E-05,1.76193E-04,4.01117E-05,1.75881E-04,3.71040E-05,1.75841E-04,3.57280E-05,1.76344E-04,3.85569E-05,1.82914E-04,4.59906E-05,1.64657E-04,5.78275E-05,1.79816E-04,5.67360E-05,1.80218E-04,5.70909E-05,1.79320E-04,5.80007E-05,1.81494E-04,6.03661E-05,1.82623E-04,5.72699E-05,1.82156E-04,5.68611E-05,1.81986E-04,5.91630E-05,1.82137E-04,5.62257E-05,1.81884E-04,5.59864E-05,1.81422E-04,5.84325E-05,1.81656E-04,5.55375E-05,1.80542E-04,5.44602E-05,1.78641E-04,5.44217E-05,1.77818E-04,5.75767E-05,1.79203E-04,5.12605E-05,1.65070E-04,4.79940E-05,1.48720E-04,5.25476E-05,1.48919E-04,5.46956E-05,1.49449E-04,5.56828E-05,1.50207E-04,5.58118E-05,1.51445E-04,5.64382E-05,1.51957E-04,5.27216E-05,1.51620E-04,5.05470E-05,1.50564E-04,4.99357E-05,1.51858E-04,4.56493E-05,1.51388E-04,4.29110E-05,1.51624E-04,4.15985E-05,1.53093E-04,3.73393E-05,1.51286E-04,3.41109E-05,1.51064E-04,3.15884E-05,1.51482E-04,3.11194E-05,1.56484E-04,3.57067E-05,1.74970E-04,4.19509E-05,1.47958E-04,5.20167E-05,1.59547E-04,5.19686E-05,1.62510E-04,5.52358E-05,1.68548E-04,5.55929E-05,1.70405E-04,0.00000E+00,0.00000E+00,5.29691E-05,1.67390E-04,5.24535E-05,1.65797E-04,0.00000E+00,0.00000E+00,5.18643E-05,1.66048E-04,5.17541E-05,1.66336E-04,0.00000E+00,0.00000E+00,5.32911E-05,1.68587E-04,5.26631E-05,1.68497E-04,4.99640E-05,1.61486E-04,5.24137E-05,1.62875E-04,4.81336E-05,1.54073E-04,4.57602E-05,1.36125E-04,5.10001E-05,1.38656E-04,5.45259E-05,1.42608E-04,5.79804E-05,1.46274E-04,5.81334E-05,1.47012E-04,0.00000E+00,0.00000E+00,5.42528E-05,1.47475E-04,5.18327E-05,1.45122E-04,0.00000E+00,0.00000E+00,4.69558E-05,1.46534E-04,4.41200E-05,1.45619E-04,0.00000E+00,0.00000E+00,3.91137E-05,1.48637E-04,3.58895E-05,1.48683E-04,3.22298E-05,1.46866E-04,3.15745E-05,1.50934E-04,3.71303E-05,1.76094E-04,4.37536E-05,1.45892E-04,5.49283E-05,1.57874E-04,5.78114E-05,1.64817E-04,0.00000E+00,0.00000E+00,5.70626E-05,1.67983E-04,6.16365E-05,1.68834E-04,5.67533E-05,1.61932E-04,5.60574E-05,1.61957E-04,5.88884E-05,1.67664E-04,5.54841E-05,1.60984E-04,5.53790E-05,1.61524E-04,5.95018E-05,1.68533E-04,5.45635E-05,1.66552E-04,0.00000E+00,0.00000E+00,5.54868E-05,1.64475E-04,5.54234E-05,1.60775E-04,5.03903E-05,1.52321E-04,4.78994E-05,1.32786E-04,5.41173E-05,1.36358E-04,6.02227E-05,1.43781E-04,0.00000E+00,0.00000E+00,6.15494E-05,1.45010E-04,5.95211E-05,1.44112E-04,5.47319E-05,1.41958E-04,5.22533E-05,1.41115E-04,5.17653E-05,1.44606E-04,4.72725E-05,1.40996E-04,4.45432E-05,1.41178E-04,4.38213E-05,1.44398E-04,4.12097E-05,1.44872E-04,0.00000E+00,0.00000E+00,3.58842E-05,1.49550E-04,3.41085E-05,1.50675E-04,4.01552E-05,1.76162E-04,4.74410E-05,1.45850E-04,6.07069E-05,1.60779E-04,6.36042E-05,1.68543E-04,6.17344E-05,1.65514E-04,6.47056E-05,1.66889E-04,6.56032E-05,1.69219E-04,6.04446E-05,1.61438E-04,5.98604E-05,1.60912E-04,6.33057E-05,1.68042E-04,5.91159E-05,1.60467E-04,5.89125E-05,1.60702E-04,6.32611E-05,1.67620E-04,6.18501E-05,1.65337E-04,5.87080E-05,1.64181E-04,6.09696E-05,1.67471E-04,6.09949E-05,1.63203E-04,5.45084E-05,1.51687E-04,5.17107E-05,1.32961E-04,5.89408E-05,1.38154E-04,6.55688E-05,1.44968E-04,6.64510E-05,1.43455E-04,6.36637E-05,1.42019E-04,6.36180E-05,1.45237E-04,5.86738E-05,1.41885E-04,5.60798E-05,1.40838E-04,5.57611E-05,1.44802E-04,5.07487E-05,1.40440E-04,4.77856E-05,1.41127E-04,4.69190E-05,1.44542E-04,4.27479E-05,1.43160E-04,4.12115E-05,1.45003E-04,3.90971E-05,1.49094E-04,3.73670E-05,1.51947E-04,4.36869E-05,1.75801E-04,5.16792E-05,1.46017E-04,6.89244E-05,1.64652E-04,0.00000E+00,0.00000E+00,7.31890E-05,1.69866E-04,7.09577E-05,1.66718E-04,0.00000E+00,0.00000E+00,6.90448E-05,1.65821E-04,6.84877E-05,1.64519E-04,0.00000E+00,0.00000E+00,6.76260E-05,1.65411E-04,6.71784E-05,1.65274E-04,0.00000E+00,0.00000E+00,6.77153E-05,1.66490E-04,6.94045E-05,1.68747E-04,0.00000E+00,0.00000E+00,6.89538E-05,1.65733E-04,5.92846E-05,1.51085E-04,5.61572E-05,1.32093E-04,6.58319E-05,1.41607E-04,0.00000E+00,0.00000E+00,7.09345E-05,1.42726E-04,6.96890E-05,1.43097E-04,0.00000E+00,0.00000E+00,6.54425E-05,1.43566E-04,6.26353E-05,1.42400E-04,0.00000E+00,0.00000E+00,5.67459E-05,1.43925E-04,5.32255E-05,1.42248E-04,0.00000E+00,0.00000E+00,4.68899E-05,1.45691E-04,4.38218E-05,1.43891E-04,0.00000E+00,0.00000E+00,4.16325E-05,1.52158E-04,4.74458E-05,1.75995E-04,5.54062E-05,1.45482E-04,7.04874E-05,1.59922E-04,7.11746E-05,1.61561E-04,7.30127E-05,1.61449E-04,7.10989E-05,1.59325E-04,7.44709E-05,1.63777E-04,6.99187E-05,1.58393E-04,6.95461E-05,1.58061E-04,7.33056E-05,1.62460E-04,6.87054E-05,1.57698E-04,6.81180E-05,1.57860E-04,7.16182E-05,1.63635E-04,6.77771E-05,1.58442E-04,6.91366E-05,1.60570E-04,6.78786E-05,1.61314E-04,7.05001E-05,1.61993E-04,6.32067E-05,1.51871E-04,5.98209E-05,1.31748E-04,6.78488E-05,1.36102E-04,7.41738E-05,1.40892E-04,7.20175E-05,1.39244E-04,7.10492E-05,1.39718E-04,7.21478E-05,1.42183E-04,6.70139E-05,1.40365E-04,6.42454E-05,1.39592E-04,6.38262E-05,1.42161E-04,5.81480E-05,1.39536E-04,5.46331E-05,1.39071E-04,5.32274E-05,1.41816E-04,4.77981E-05,1.40834E-04,4.45760E-05,1.41179E-04,4.41458E-05,1.45202E-04,4.29690E-05,1.50788E-04,5.05855E-05,1.75875E-04,5.94760E-05,1.46146E-04,7.57705E-05,1.60174E-04,7.68121E-05,1.65654E-04,7.83727E-05,1.62211E-04,7.63443E-05,1.60861E-04,8.06117E-05,1.67622E-04,7.53976E-05,1.59789E-04,7.56088E-05,1.58074E-04,8.09109E-05,1.65615E-04,7.45438E-05,1.58761E-04,7.33220E-05,1.58551E-04,7.73800E-05,1.67239E-04,7.26218E-05,1.60064E-04,7.38857E-05,1.62337E-04,7.30857E-05,1.64681E-04,7.54083E-05,1.61903E-04,6.75070E-05,1.52060E-04,6.38025E-05,1.31778E-04,7.23299E-05,1.37283E-04,7.90850E-05,1.42749E-04,7.65491E-05,1.40259E-04,7.56153E-05,1.39678E-04,7.69053E-05,1.43351E-04,7.14128E-05,1.40907E-04,6.84935E-05,1.40450E-04,6.81580E-05,1.44204E-04,6.19191E-05,1.40282E-04,5.81484E-05,1.39978E-04,5.67163E-05,1.43648E-04,5.07721E-05,1.41422E-04,4.72997E-05,1.41812E-04,4.69764E-05,1.47529E-04,4.56649E-05,1.51282E-04,5.38469E-05,1.77321E-04,6.38430E-05,1.45940E-04,8.47967E-05,1.64742E-04,0.00000E+00,0.00000E+00,8.83351E-05,1.68710E-04,8.64022E-05,1.66428E-04,0.00000E+00,0.00000E+00,8.54751E-05,1.65380E-04,8.63679E-05,1.63139E-04,2.14489E-09,7.94805E-05,8.51292E-05,1.63953E-04,8.27595E-05,1.64295E-04,0.00000E+00,0.00000E+00,8.17464E-05,1.64939E-04,8.30321E-05,1.67522E-04,0.00000E+00,0.00000E+00,8.37810E-05,1.64932E-04,7.20073E-05,1.51997E-04,6.80675E-05,1.31356E-04,7.94960E-05,1.40681E-04,0.00000E+00,0.00000E+00,8.43531E-05,1.42535E-04,8.32132E-05,1.41907E-04,0.00000E+00,0.00000E+00,7.86361E-05,1.42862E-04,7.53529E-05,1.42171E-04,1.99923E-09,5.97080E-05,6.81784E-05,1.43647E-04,6.38838E-05,1.41496E-04,0.00000E+00,0.00000E+00,5.57676E-05,1.44322E-04,5.18718E-05,1.43143E-04,0.00000E+00,0.00000E+00,4.99416E-05,1.52566E-04,5.70843E-05,1.76930E-04,6.73195E-05,1.46844E-04,8.55749E-05,1.59702E-04,8.64347E-05,1.62796E-04,8.85524E-05,1.62235E-04,8.64855E-05,1.58917E-04,9.07903E-05,1.63824E-04,8.52263E-05,1.58647E-04,8.50318E-05,1.58247E-04,9.03805E-05,1.62013E-04,8.36421E-05,1.58057E-04,8.23533E-05,1.58923E-04,8.63429E-05,1.63926E-04,8.14342E-05,1.59608E-04,8.29455E-05,1.60332E-04,8.15058E-05,1.61372E-04,8.43555E-05,