seed = 230567477;
pop = 1750;
Inactive_Cycles = 1000;
Active_Cycles = 2600;
Total_CPU_Time = 2.12297E+03;
Total_Transport_Time = 2.15998E+02;
Time_Per_Integration = 3.73194E-09;
Clock_Time = 2.35564E+02;
keff_keff = [ 1.18676E+00,4.40030E-05];
fissionRate_fissionRate = reshape([ 1.87954E-05,5.11530E-04,1.85029E-05,5.03735E-04,1.84117E-05,5.01217E-04,1.84290E-05,5.02039E-04,1.84726E-05,4.99492E-04,1.84595E-05,5.04504E-04,1.81559E-05,5.03752E-04,1.80030E-05,5.06316E-04,1.79659E-05,5.05431E-04,1.75539E-05,5.00465E-04,1.74564E-05,5.00164E-04,1.73591E-05,4.95547E-04,1.69360E-05,5.00739E-04,1.67704E-05,5.00291E-04,1.65367E-05,5.00736E-04,1.67489E-05,5.03313E-04,1.79995E-05,4.90703E-04,1.56347E-05,4.49010E-04,1.64438E-05,4.42806E-04,1.66439E-05,4.42761E-04,1.65535E-05,4.37293E-04,1.62467E-05,4.39355E-04,1.58214E-05,4.40444E-04,1.51112E-05,4.39973E-04,1.44391E-05,4.39086E-04,1.36905E-05,4.41413E-04,1.28467E-05,4.35616E-04,1.20085E-05,4.39038E-04,1.11750E-05,4.42994E-04,1.02693E-05,4.35766E-04,9.42485E-06,4.39966E-04,8.66379E-06,4.41811E-04,8.32300E-06,4.37360E-04,8.96499E-06,4.55621E-04,1.28883E-05,4.03190E-04,1.61945E-05,4.50359E-04,1.59346E-05,4.49320E-04,1.60945E-05,4.48273E-04,1.64420E-05,4.50468E-04,1.72551E-05,4.48995E-04,1.61687E-05,4.49501E-04,1.59685E-05,4.48988E-04,1.67131E-05,4.48639E-04,1.55852E-05,4.48970E-04,1.54172E-05,4.46958E-04,1.62058E-05,4.48063E-04,1.51333E-05,4.47740E-04,1.46122E-05,4.45343E-04,1.43168E-05,4.50143E-04,1.50124E-05,4.51671E-04,1.31790E-05,4.16139E-04,1.21424E-05,3.68266E-04,1.32401E-05,3.69131E-04,1.37217E-05,3.72796E-04,1.38645E-05,3.77559E-04,1.37274E-05,3.79385E-04,1.38547E-05,3.83744E-04,1.28656E-05,3.82863E-04,1.22151E-05,3.80511E-04,1.19857E-05,3.82055E-04,1.09216E-05,3.84510E-04,1.02245E-05,3.79126E-04,9.83484E-06,3.88582E-04,8.78939E-06,3.82647E-04,7.97469E-06,3.79908E-04,7.35461E-06,3.83972E-04,7.24066E-06,3.94952E-04,8.30937E-06,4.38392E-04,1.18983E-05,3.67114E-04,1.47128E-05,4.06728E-04,1.48694E-05,4.03844E-04,1.59857E-05,4.22413E-04,1.62016E-05,4.23192E-04,0.00000E+00,0.00000E+00,1.53000E-05,4.15093E-04,1.50814E-05,4.12265E-04,0.00000E+00,0.00000E+00,1.47663E-05,4.14761E-04,1.45834E-05,4.14530E-04,0.00000E+00,0.00000E+00,1.49510E-05,4.16666E-04,1.44403E-05,4.19892E-04,1.34571E-05,4.05314E-04,1.37174E-05,4.11135E-04,1.23990E-05,3.88826E-04,1.16514E-05,3.37766E-04,1.28847E-05,3.46624E-04,1.37379E-05,3.56270E-04,1.44647E-05,3.69453E-04,1.44652E-05,3.68546E-04,0.00000E+00,0.00000E+00,1.32389E-05,3.71742E-04,1.25191E-05,3.68408E-04,0.00000E+00,0.00000E+00,1.12561E-05,3.70770E-04,1.04949E-05,3.68594E-04,0.00000E+00,0.00000E+00,9.19796E-06,3.78695E-04,8.44885E-06,3.76585E-04,7.55143E-06,3.70073E-04,7.37283E-06,3.83150E-04,8.66625E-06,4.36027E-04,1.24934E-05,3.64280E-04,1.58158E-05,3.95455E-04,1.69283E-05,4.12546E-04,0.00000E+00,0.00000E+00,1.68048E-05,4.15290E-04,1.80443E-05,4.17082E-04,1.63945E-05,4.02724E-04,1.61078E-05,4.02785E-04,1.69149E-05,4.17227E-04,1.57364E-05,4.00876E-04,1.56254E-05,4.01762E-04,1.68639E-05,4.16936E-04,1.53987E-05,4.13586E-04,0.00000E+00,0.00000E+00,1.52361E-05,4.10235E-04,1.47363E-05,4.02679E-04,1.31155E-05,3.84921E-04,1.23047E-05,3.30324E-04,1.37372E-05,3.40567E-04,1.52255E-05,3.59730E-04,0.00000E+00,0.00000E+00,1.53558E-05,3.68293E-04,1.46974E-05,3.63249E-04,1.34194E-05,3.56113E-04,1.27251E-05,3.53874E-04,1.24744E-05,3.64618E-04,1.13062E-05,3.54268E-04,1.06104E-05,3.54954E-04,1.03927E-05,3.64687E-04,9.70517E-06,3.67482E-04,0.00000E+00,0.00000E+00,8.41124E-06,3.76481E-04,7.99629E-06,3.79710E-04,9.38289E-06,4.38412E-04,1.36738E-05,3.65466E-04,1.77412E-05,4.02556E-04,1.89695E-05,4.15341E-04,1.84227E-05,4.09331E-04,1.91284E-05,4.12273E-04,1.94024E-05,4.22364E-04,1.76258E-05,3.99709E-04,1.72942E-05,4.01272E-04,1.84062E-05,4.15308E-04,1.68844E-05,3.97736E-04,1.67570E-05,3.97114E-04,1.81261E-05,4.18033E-04,1.74493E-05,4.08962E-04,1.64629E-05,4.07728E-04,1.69399E-05,4.19167E-04,1.63760E-05,4.08296E-04,1.43473E-05,3.83686E-04,1.33740E-05,3.30831E-04,1.51110E-05,3.43751E-04,1.67138E-05,3.63054E-04,1.68440E-05,3.59867E-04,1.60595E-05,3.57617E-04,1.58367E-05,3.64760E-04,1.44280E-05,3.53563E-04,1.37171E-05,3.52597E-04,1.35438E-05,3.64891E-04,1.22299E-05,3.53375E-04,1.15176E-05,3.54409E-04,1.11940E-05,3.64654E-04,1.01740E-05,3.60824E-04,9.72182E-06,3.66914E-04,9.20464E-06,3.77366E-04,8.81188E-06,3.78937E-04,1.02420E-05,4.38756E-04,1.51031E-05,3.62113E-04,2.05144E-05,4.13901E-04,0.00000E+00,0.00000E+00,2.19535E-05,4.17667E-04,2.11974E-05,4.12894E-04,0.00000E+00,0.00000E+00,2.04213E-05,4.11834E-04,2.00485E-05,4.12789E-04,0.00000E+00,0.00000E+00,1.96423E-05,4.09289E-04,1.94184E-05,4.10130E-04,0.00000E+00,0.00000E+00,1.93209E-05,4.10522E-04,1.96790E-05,4.20171E-04,0.00000E+00,0.00000E+00,1.88337E-05,4.16053E-04,1.57530E-05,3.81755E-04,1.45882E-05,3.28374E-04,1.69980E-05,3.51245E-04,0.00000E+00,0.00000E+00,1.79995E-05,3.55806E-04,1.76203E-05,3.58859E-04,0.00000E+00,0.00000E+00,1.62569E-05,3.60663E-04,1.53768E-05,3.59583E-04,0.00000E+00,0.00000E+00,1.37518E-05,3.63642E-04,1.28153E-05,3.58135E-04,0.00000E+00,0.00000E+00,1.12077E-05,3.64390E-04,1.04073E-05,3.66447E-04,0.00000E+00,0.00000E+00,9.87104E-06,3.86046E-04,1.12090E-05,4.37801E-04,1.64201E-05,3.63791E-04,2.10062E-05,3.95826E-04,2.15456E-05,3.98236E-04,2.18990E-05,4.00460E-04,2.11502E-05,3.95781E-04,2.23689E-05,4.05755E-04,2.06185E-05,3.93988E-04,2.02564E-05,3.92724E-04,2.14818E-05,4.08102E-04,1.99073E-05,3.95683E-04,1.96623E-05,3.93315E-04,2.07525E-05,4.07379E-04,1.92210E-05,3.95876E-04,1.94908E-05,4.00013E-04,1.91438E-05,4.02698E-04,1.92438E-05,4.06716E-04,1.68278E-05,3.82863E-04,1.56797E-05,3.27805E-04,1.76696E-05,3.40753E-04,1.91661E-05,3.50876E-04,1.84869E-05,3.46600E-04,1.80921E-05,3.49539E-04,1.81297E-05,3.54993E-04,1.67261E-05,3.51988E-04,1.59224E-05,3.49118E-04,1.56821E-05,3.55979E-04,1.41532E-05,3.50350E-04,1.32706E-05,3.47707E-04,1.28116E-05,3.58840E-04,1.14952E-05,3.52217E-04,1.06403E-05,3.55546E-04,1.04837E-05,3.66422E-04,1.01577E-05,3.78094E-04,1.19515E-05,4.36207E-04,1.78039E-05,3.64694E-04,2.29171E-05,3.99005E-04,2.35620E-05,4.10933E-04,2.37385E-05,4.03336E-04,2.30634E-05,3.99193E-04,2.44766E-05,4.14587E-04,2.25195E-05,3.93871E-04,2.22414E-05,3.97368E-04,2.36126E-05,4.13941E-04,2.16535E-05,3.98951E-04,2.13589E-05,3.96436E-04,2.27092E-05,4.17066E-04,2.09031E-05,3.98244E-04,2.11135E-05,4.04464E-04,2.08789E-05,4.11730E-04,2.09506E-05,4.07945E-04,1.81914E-05,3.77845E-04,1.69273E-05,3.26139E-04,1.90678E-05,3.40241E-04,2.07282E-05,3.53990E-04,1.98922E-05,3.47062E-04,1.93975E-05,3.46184E-04,1.95131E-05,3.60686E-04,1.80494E-05,3.52083E-04,1.70768E-05,3.50988E-04,1.68686E-05,3.62620E-04,1.51432E-05,3.53305E-04,1.41901E-05,3.51174E-04,1.37298E-05,3.63412E-04,1.22662E-05,3.53362E-04,1.13422E-05,3.53793E-04,1.12164E-05,3.72553E-04,1.08903E-05,3.78425E-04,1.28324E-05,4.40756E-04,1.93748E-05,3.62385E-04,2.61720E-05,4.12588E-04,0.00000E+00,0.00000E+00,2.73519E-05,4.16755E-04,2.65731E-05,4.11764E-04,0.00000E+00,0.00000E+00,2.60370E-05,4.11616E-04,2.56809E-05,4.07652E-04,6.31434E-10,1.49003E-04,2.50499E-05,4.09185E-04,2.45700E-05,4.06076E-04,0.00000E+00,0.00000E+00,2.40592E-05,4.09354E-04,2.41430E-05,4.15484E-04,0.00000E+00,0.00000E+00,2.36859E-05,4.13227E-04,1.96571E-05,3.83636E-04,1.82500E-05,3.28262E-04,2.11463E-05,3.48742E-04,0.00000E+00,0.00000E+00,2.20712E-05,3.56181E-04,2.15420E-05,3.54846E-04,0.00000E+00,0.00000E+00,1.99246E-05,3.61741E-04,1.88666E-05,3.56200E-04,4.95876E-10,1.00159E-04,1.68178E-05,3.61466E-04,1.56461E-05,3.54399E-04,0.00000E+00,0.00000E+00,1.35251E-05,3.65603E-04,1.25222E-05,3.61067E-04,0.00000E+00,0.00000E+00,1.19437E-05,3.85010E-04,1.36446E-05,4.36639E-04,2.07429E-05,3.59868E-04,2.65219E-05,3.99259E-04,2.71125E-05,3.99102E-04,2.75368E-05,4.02489E-04,2.67037E-05,3.93562E-04,2.81188E-05,4.06205E-04,2.58963E-05,3.92894E-04,2.56407E-05,3.92241E-04,2.71397E-05,4.06672E-04,2.50872E-05,3.93798E-04,2.47118E-05,3.91790E-04,2.59281E-05,4.04491E-04,2.40239E-05,3.95465E-04,2.41396E-05,3.98696E-04,2.36988E-05,4.00516E-04,2.38066E-05,