seed = -1628829068;
pop = 1750;
Inactive_Cycles = 1000;
Active_Cycles = 2600;
Total_CPU_Time = 3.76588E+03;
Total_Transport_Time = 4.65256E+02;
Time_Per_Integration = 8.03955E-09;
Clock_Time = 4.86526E+02;
keff_keff = [ 1.18665E+00,1.57943E-04];
fissionRate_fissionRate = reshape([ 9.09573E-05,6.25968E-04,8.96426E-05,5.98815E-04,8.88370E-05,6.03808E-04,8.94740E-05,6.05888E-04,8.96606E-05,6.01062E-04,8.98399E-05,5.95295E-04,8.84301E-05,5.97422E-04,8.76274E-05,5.87236E-04,8.63417E-05,5.80980E-04,8.50261E-05,5.79922E-04,8.33678E-05,5.86193E-04,8.33495E-05,5.84235E-04,8.19541E-05,5.99190E-04,8.05982E-05,6.06562E-04,7.98829E-05,6.04688E-04,8.12228E-05,5.90600E-04,8.74840E-05,5.72380E-04,7.64721E-05,5.45144E-04,8.02904E-05,5.40847E-04,8.11991E-05,5.34301E-04,8.03965E-05,5.32733E-04,7.91949E-05,5.31836E-04,7.70404E-05,5.23291E-04,7.39017E-05,5.29139E-04,7.01061E-05,5.31665E-04,6.68385E-05,5.26624E-04,6.26728E-05,5.37745E-04,5.85249E-05,5.38385E-04,5.44486E-05,5.37534E-04,5.00682E-05,5.39309E-04,4.58527E-05,5.38159E-04,4.22240E-05,5.27487E-04,4.05822E-05,5.38429E-04,4.34889E-05,5.60219E-04,6.21409E-05,4.86158E-04,7.81626E-05,5.11880E-04,7.67482E-05,5.06912E-04,7.78973E-05,5.17123E-04,7.97750E-05,5.10131E-04,8.38811E-05,5.06434E-04,7.85669E-05,5.06923E-04,7.71520E-05,5.00253E-04,8.08276E-05,4.99489E-04,7.54236E-05,4.99915E-04,7.42620E-05,4.97433E-04,7.80731E-05,5.05561E-04,7.29518E-05,5.02786E-04,7.04948E-05,5.06407E-04,6.92523E-05,5.01270E-04,7.25396E-05,5.07653E-04,6.38001E-05,4.71029E-04,5.93701E-05,4.41191E-04,6.46456E-05,4.37862E-04,6.68266E-05,4.42432E-04,6.77765E-05,4.46974E-04,6.74363E-05,4.50115E-04,6.76782E-05,4.51527E-04,6.26221E-05,4.52058E-04,5.95123E-05,4.51192E-04,5.86951E-05,4.62577E-04,5.34317E-05,4.53420E-04,4.99463E-05,4.55528E-04,4.79785E-05,4.63706E-04,4.27401E-05,4.60906E-04,3.90163E-05,4.52716E-04,3.58161E-05,4.54747E-04,3.51134E-05,4.71157E-04,4.03730E-05,5.32922E-04,5.72535E-05,4.32984E-04,7.14696E-05,4.51876E-04,7.21862E-05,4.56965E-04,7.78298E-05,4.71490E-04,7.91855E-05,4.67271E-04,0.00000E+00,0.00000E+00,7.41555E-05,4.58815E-04,7.30050E-05,4.56974E-04,0.00000E+00,0.00000E+00,7.13433E-05,4.59597E-04,7.04879E-05,4.58654E-04,0.00000E+00,0.00000E+00,7.24457E-05,4.64627E-04,7.06862E-05,4.64965E-04,6.51950E-05,4.51335E-04,6.66819E-05,4.56367E-04,6.02616E-05,4.37759E-04,5.68030E-05,4.01455E-04,6.29430E-05,4.08695E-04,6.68150E-05,4.18537E-04,7.11024E-05,4.35484E-04,7.04016E-05,4.35724E-04,0.00000E+00,0.00000E+00,6.48588E-05,4.39423E-04,6.11494E-05,4.34042E-04,0.00000E+00,0.00000E+00,5.47609E-05,4.40481E-04,5.10210E-05,4.37056E-04,0.00000E+00,0.00000E+00,4.49287E-05,4.46460E-04,4.10796E-05,4.42807E-04,3.67046E-05,4.39746E-04,3.58557E-05,4.52011E-04,4.18358E-05,5.21569E-04,6.08452E-05,4.25011E-04,7.66778E-05,4.45990E-04,8.25250E-05,4.58583E-04,0.00000E+00,0.00000E+00,8.20719E-05,4.60695E-04,8.79174E-05,4.61889E-04,7.94352E-05,4.45606E-04,7.78706E-05,4.43517E-04,8.24322E-05,4.63996E-04,7.61918E-05,4.41408E-04,7.54172E-05,4.43907E-04,8.19815E-05,4.59501E-04,7.47557E-05,4.57689E-04,0.00000E+00,0.00000E+00,7.45114E-05,4.57235E-04,7.12711E-05,4.47515E-04,6.34371E-05,4.31995E-04,5.97431E-05,3.95997E-04,6.70017E-05,4.07981E-04,7.40616E-05,4.20300E-04,0.00000E+00,0.00000E+00,7.49669E-05,4.29411E-04,7.19276E-05,4.28081E-04,6.53348E-05,4.22055E-04,6.21248E-05,4.16395E-04,6.10411E-05,4.32109E-04,5.55296E-05,4.22755E-04,5.19506E-05,4.20946E-04,5.07402E-05,4.31690E-04,4.75938E-05,4.35075E-04,0.00000E+00,0.00000E+00,4.08614E-05,4.46132E-04,3.89738E-05,4.50464E-04,4.55684E-05,5.30136E-04,6.64130E-05,4.21887E-04,8.57624E-05,4.51542E-04,9.24780E-05,4.67459E-04,8.97488E-05,4.61716E-04,9.31317E-05,4.56901E-04,9.44930E-05,4.65887E-04,8.49763E-05,4.44273E-04,8.39441E-05,4.43215E-04,8.96243E-05,4.63836E-04,8.19219E-05,4.46677E-04,8.13990E-05,4.39042E-04,8.79826E-05,4.59659E-04,8.48788E-05,4.56199E-04,8.03894E-05,4.55073E-04,8.27448E-05,4.61215E-04,7.94367E-05,4.56728E-04,6.96384E-05,4.29395E-04,6.52945E-05,3.92251E-04,7.40578E-05,4.12155E-04,8.14854E-05,4.29095E-04,8.20404E-05,4.23274E-04,7.78976E-05,4.17873E-04,7.73524E-05,4.29081E-04,7.06999E-05,4.22843E-04,6.70649E-05,4.19566E-04,6.64554E-05,4.32317E-04,5.99624E-05,4.18490E-04,5.60014E-05,4.20292E-04,5.46743E-05,4.33585E-04,4.94956E-05,4.26954E-04,4.74848E-05,4.35110E-04,4.47183E-05,4.46704E-04,4.26934E-05,4.53576E-04,4.98335E-05,5.43298E-04,7.35219E-05,4.26881E-04,9.97575E-05,4.58295E-04,0.00000E+00,0.00000E+00,1.06963E-04,4.68161E-04,1.03166E-04,4.60086E-04,0.00000E+00,0.00000E+00,9.94874E-05,4.59115E-04,9.82025E-05,4.52435E-04,0.00000E+00,0.00000E+00,9.55708E-05,4.56371E-04,9.45969E-05,4.55471E-04,0.00000E+00,0.00000E+00,9.39677E-05,4.58877E-04,9.58968E-05,4.70149E-04,0.00000E+00,0.00000E+00,9.21991E-05,4.58748E-04,7.64346E-05,4.28747E-04,7.14275E-05,3.92098E-04,8.26283E-05,4.17376E-04,0.00000E+00,0.00000E+00,8.81261E-05,4.25601E-04,8.58462E-05,4.25762E-04,0.00000E+00,0.00000E+00,7.92978E-05,4.32918E-04,7.51550E-05,4.23544E-04,0.00000E+00,0.00000E+00,6.71035E-05,4.31875E-04,6.25321E-05,4.26595E-04,0.00000E+00,0.00000E+00,5.45646E-05,4.34394E-04,5.07047E-05,4.31859E-04,0.00000E+00,0.00000E+00,4.78082E-05,4.57876E-04,5.40508E-05,5.18396E-04,7.96587E-05,4.22047E-04,1.02369E-04,4.41035E-04,1.04802E-04,4.46895E-04,1.06400E-04,4.44331E-04,1.03164E-04,4.41189E-04,1.08796E-04,4.49426E-04,1.00158E-04,4.43115E-04,9.89537E-05,4.43849E-04,1.04362E-04,4.50833E-04,9.69690E-05,4.34779E-04,9.54379E-05,4.35933E-04,1.00886E-04,4.48868E-04,9.39002E-05,4.37579E-04,9.45150E-05,4.47666E-04,9.31275E-05,4.53947E-04,9.38874E-05,4.50056E-04,8.23422E-05,4.24359E-04,7.67308E-05,3.88288E-04,8.61784E-05,4.02415E-04,9.34898E-05,4.17122E-04,8.99100E-05,4.13516E-04,8.83235E-05,4.13667E-04,8.87483E-05,4.26438E-04,8.14920E-05,4.18011E-04,7.79133E-05,4.19420E-04,7.66971E-05,4.22598E-04,6.91214E-05,4.17846E-04,6.46809E-05,4.18818E-04,6.23715E-05,4.27093E-04,5.58674E-05,4.22898E-04,5.16770E-05,4.23531E-04,5.08975E-05,4.34516E-04,4.93114E-05,4.47777E-04,5.80618E-05,5.28369E-04,8.68485E-05,4.23346E-04,1.11652E-04,4.44520E-04,1.14276E-04,4.53715E-04,1.15598E-04,4.48498E-04,1.12496E-04,4.45554E-04,1.19014E-04,4.58866E-04,1.09628E-04,4.41720E-04,1.07965E-04,4.41798E-04,1.14700E-04,4.58297E-04,1.05334E-04,4.45089E-04,1.03518E-04,4.43121E-04,1.10332E-04,4.61099E-04,1.01742E-04,4.41175E-04,1.01820E-04,4.44576E-04,1.01439E-04,4.59546E-04,1.01304E-04,4.52803E-04,8.87382E-05,4.23547E-04,8.25175E-05,3.89760E-04,9.29779E-05,4.05484E-04,1.00933E-04,4.22969E-04,9.65013E-05,4.11217E-04,9.44588E-05,4.16628E-04,9.55498E-05,4.25101E-04,8.74026E-05,4.17649E-04,8.32342E-05,4.22029E-04,8.26516E-05,4.30510E-04,7.44085E-05,4.23841E-04,6.94106E-05,4.19519E-04,6.70292E-05,4.30766E-04,5.96640E-05,4.15658E-04,5.49599E-05,4.18353E-04,5.48377E-05,4.37071E-04,5.29668E-05,4.50094E-04,6.23407E-05,5.11788E-04,9.42094E-05,4.23321E-04,1.27343E-04,4.58412E-04,0.00000E+00,0.00000E+00,1.33217E-04,4.62409E-04,1.29898E-04,4.57295E-04,0.00000E+00,0.00000E+00,1.26276E-04,4.56036E-04,1.24256E-04,4.53739E-04,3.07991E-09,3.69472E-04,1.21716E-04,4.57683E-04,1.18989E-04,4.53324E-04,0.00000E+00,0.00000E+00,1.17182E-04,4.58522E-04,1.17807E-04,4.63616E-04,0.00000E+00,0.00000E+00,1.15208E-04,4.56533E-04,9.58526E-05,4.28738E-04,8.93312E-05,3.87740E-04,1.03379E-04,4.14712E-04,0.00000E+00,0.00000E+00,1.07511E-04,4.17377E-04,1.05229E-04,4.20794E-04,0.00000E+00,0.00000E+00,9.74325E-05,4.26094E-04,9.23981E-05,4.25568E-04,2.43625E-09,2.89974E-04,8.22660E-05,4.29006E-04,7.64420E-05,4.26048E-04,0.00000E+00,0.00000E+00,6.60747E-05,4.31172E-04,6.08456E-05,4.27701E-04,0.00000E+00,0.00000E+00,5.81492E-05,4.55780E-04,6.65828E-05,5.13791E-04,1.00301E-04,4.23715E-04,1.29034E-04,4.43226E-04,1.31886E-04,4.45331E-04,1.33810E-04,4.42923E-04,1.30277E-04,4.37871E-04,1.36892E-04,4.51599E-04,1.25837E-04,4.35794E-04,1.24884E-04,4.35567E-04,1.31569E-04,4.50815E-04,1.20970E-04,4.34808E-04,1.19870E-04,4.34591E-04,1.25747E-04,4.53233E-04,1.16499E-04,4.39853E-04,1.16944E-04,4.45798E-04,1.15077E-04,4.50945E-04,1.15842E-04,