seed = 435334046;
pop = 1750;
Inactive_Cycles = 1000;
Active_Cycles = 2600;
Total_CPU_Time = 9.58258E+02;
Total_Transport_Time = 1.20593E+02;
Time_Per_Integration = 6.17782E-09;
Clock_Time = 1.24497E+02;
keff_keff = [ 1.18624E+00,1.62263E-04];
fissionRate_fissionRate = reshape([ 9.09187E-05,1.05342E-03,8.96937E-05,9.84410E-04,8.89721E-05,1.00080E-03,8.92965E-05,9.85378E-04,8.91645E-05,9.62301E-04,8.94434E-05,9.62568E-04,8.82248E-05,9.63559E-04,8.71639E-05,9.41819E-04,8.67784E-05,9.86998E-04,8.55135E-05,9.58726E-04,8.45983E-05,9.44186E-04,8.39595E-05,9.30586E-04,8.24351E-05,9.35071E-04,8.08097E-05,9.32839E-04,8.00768E-05,9.29111E-04,8.11659E-05,9.25263E-04,8.72402E-05,9.13129E-04,7.62955E-05,8.80205E-04,8.00028E-05,8.52028E-04,8.13844E-05,8.36101E-04,8.03203E-05,8.45808E-04,7.91945E-05,8.45597E-04,7.69661E-05,8.29787E-04,7.36929E-05,8.33454E-04,6.97666E-05,8.15834E-04,6.61092E-05,8.44873E-04,6.23869E-05,8.38585E-04,5.84122E-05,8.42022E-04,5.44031E-05,8.22857E-04,4.98160E-05,8.32826E-04,4.55557E-05,8.54373E-04,4.22167E-05,8.33790E-04,4.05463E-05,8.25012E-04,4.35350E-05,8.76313E-04,6.20626E-05,8.01838E-04,7.81668E-05,8.22325E-04,7.70711E-05,8.19169E-04,7.75343E-05,8.23442E-04,7.86633E-05,8.28428E-04,8.32192E-05,8.13364E-04,7.77534E-05,8.13192E-04,7.68456E-05,8.03672E-04,8.05379E-05,8.08877E-04,7.55501E-05,8.05587E-04,7.47153E-05,8.00759E-04,7.78059E-05,7.94233E-04,7.31899E-05,7.99636E-04,7.06791E-05,7.82018E-04,6.95654E-05,7.90301E-04,7.21901E-05,7.98498E-04,6.37245E-05,7.43073E-04,5.93138E-05,6.95840E-04,6.45970E-05,6.82014E-04,6.65846E-05,6.93873E-04,6.71932E-05,7.03278E-04,6.69732E-05,7.00584E-04,6.75168E-05,7.09613E-04,6.25503E-05,7.02980E-04,5.92398E-05,7.11389E-04,5.82882E-05,7.21265E-04,5.31915E-05,7.18407E-04,4.96985E-05,7.12247E-04,4.81336E-05,7.13445E-04,4.27241E-05,7.20723E-04,3.87420E-05,7.12960E-04,3.59713E-05,7.13449E-04,3.51467E-05,7.20297E-04,4.04716E-05,8.40410E-04,5.68185E-05,7.19335E-04,7.08969E-05,7.37803E-04,7.17027E-05,7.44579E-04,7.78250E-05,7.66545E-04,7.83523E-05,7.53363E-04,0.00000E+00,0.00000E+00,7.39173E-05,7.36996E-04,7.29851E-05,7.32548E-04,0.00000E+00,0.00000E+00,7.11868E-05,7.44356E-04,7.08624E-05,7.31025E-04,0.00000E+00,0.00000E+00,7.24759E-05,7.28374E-04,7.04699E-05,7.35348E-04,6.48184E-05,7.12052E-04,6.64790E-05,7.21831E-04,6.01097E-05,6.96241E-04,5.65146E-05,6.23724E-04,6.24635E-05,6.51610E-04,6.66404E-05,6.66903E-04,7.00075E-05,6.84092E-04,7.01033E-05,6.85877E-04,0.00000E+00,0.00000E+00,6.44700E-05,6.91046E-04,6.14216E-05,6.75831E-04,0.00000E+00,0.00000E+00,5.49432E-05,6.98587E-04,5.12674E-05,6.89109E-04,0.00000E+00,0.00000E+00,4.48117E-05,6.88677E-04,4.12359E-05,7.00637E-04,3.68465E-05,6.77752E-04,3.59764E-05,7.05333E-04,4.23192E-05,8.41438E-04,6.03398E-05,7.11774E-04,7.58714E-05,7.35015E-04,8.21580E-05,7.54298E-04,0.00000E+00,0.00000E+00,8.15308E-05,7.38115E-04,8.76192E-05,7.39493E-04,7.88960E-05,7.32848E-04,7.75532E-05,7.16657E-04,8.17023E-05,7.38886E-04,7.62288E-05,7.16518E-04,7.55808E-05,7.17533E-04,8.16728E-05,7.39381E-04,7.45652E-05,7.21250E-04,0.00000E+00,0.00000E+00,7.44431E-05,7.15308E-04,7.13020E-05,7.04630E-04,6.34800E-05,6.79997E-04,5.98737E-05,6.22158E-04,6.70329E-05,6.40387E-04,7.40817E-05,6.70286E-04,0.00000E+00,0.00000E+00,7.46837E-05,6.79476E-04,7.14441E-05,6.74632E-04,6.51444E-05,6.62867E-04,6.19867E-05,6.54957E-04,6.09849E-05,6.89751E-04,5.51768E-05,6.79521E-04,5.20302E-05,6.51954E-04,5.09604E-05,6.75578E-04,4.73158E-05,6.81445E-04,0.00000E+00,0.00000E+00,4.10681E-05,6.92525E-04,3.88193E-05,6.97812E-04,4.55762E-05,8.51492E-04,6.64877E-05,7.09790E-04,8.58079E-05,7.31266E-04,9.20392E-05,7.59764E-04,8.90455E-05,7.37963E-04,9.30297E-05,7.41944E-04,9.38843E-05,7.46984E-04,8.49987E-05,7.20223E-04,8.36815E-05,7.14928E-04,8.92283E-05,7.34875E-04,8.20112E-05,7.05500E-04,8.12565E-05,7.09017E-04,8.76600E-05,7.45608E-04,8.46724E-05,7.27384E-04,8.02820E-05,7.08398E-04,8.23624E-05,7.27648E-04,7.95761E-05,7.19504E-04,6.91565E-05,6.79649E-04,6.50064E-05,6.21854E-04,7.37596E-05,6.49629E-04,8.09736E-05,6.71874E-04,8.18394E-05,6.71394E-04,7.75204E-05,6.65337E-04,7.70985E-05,6.68512E-04,7.05390E-05,6.56309E-04,6.67336E-05,6.57394E-04,6.63617E-05,6.78767E-04,5.97723E-05,6.59371E-04,5.59135E-05,6.54445E-04,5.46824E-05,6.86382E-04,4.93494E-05,6.63990E-04,4.74150E-05,6.70158E-04,4.50326E-05,7.08041E-04,4.27261E-05,7.06391E-04,4.99730E-05,8.45817E-04,7.34145E-05,7.06863E-04,9.94807E-05,7.44919E-04,0.00000E+00,0.00000E+00,1.06688E-04,7.45222E-04,1.03255E-04,7.29143E-04,0.00000E+00,0.00000E+00,9.96177E-05,7.32798E-04,9.78278E-05,7.39543E-04,0.00000E+00,0.00000E+00,9.58659E-05,7.20014E-04,9.45295E-05,7.27795E-04,0.00000E+00,0.00000E+00,9.45200E-05,7.26851E-04,9.58779E-05,7.33858E-04,0.00000E+00,0.00000E+00,9.18149E-05,7.25137E-04,7.62122E-05,6.71484E-04,7.14399E-05,6.09606E-04,8.27323E-05,6.52681E-04,0.00000E+00,0.00000E+00,8.79995E-05,6.68032E-04,8.60172E-05,6.57587E-04,0.00000E+00,0.00000E+00,7.92496E-05,6.67545E-04,7.53884E-05,6.72450E-04,0.00000E+00,0.00000E+00,6.72167E-05,6.72145E-04,6.25215E-05,6.62842E-04,0.00000E+00,0.00000E+00,5.47801E-05,6.73908E-04,5.09924E-05,6.74703E-04,0.00000E+00,0.00000E+00,4.78445E-05,7.16987E-04,5.43874E-05,8.31465E-04,7.95146E-05,7.13457E-04,1.01741E-04,7.39286E-04,1.04544E-04,7.23825E-04,1.05568E-04,7.21947E-04,1.02510E-04,6.88559E-04,1.08356E-04,7.16611E-04,9.99929E-05,7.01252E-04,9.88986E-05,7.17220E-04,1.04449E-04,7.18313E-04,9.62627E-05,7.00467E-04,9.53968E-05,7.03435E-04,1.01070E-04,7.22443E-04,9.36085E-05,6.99439E-04,9.51005E-05,7.15095E-04,9.31016E-05,7.07969E-04,9.36439E-05,7.06914E-04,8.20459E-05,6.76517E-04,7.62964E-05,6.08477E-04,8.62107E-05,6.34313E-04,9.32720E-05,6.59455E-04,8.96878E-05,6.43967E-04,8.81412E-05,6.51892E-04,8.90802E-05,6.62914E-04,8.18668E-05,6.59554E-04,7.74845E-05,6.47180E-04,7.65626E-05,6.61398E-04,6.91952E-05,6.57642E-04,6.44740E-05,6.47393E-04,6.27207E-05,6.59978E-04,5.60466E-05,6.66060E-04,5.19989E-05,6.64665E-04,5.11137E-05,6.75985E-04,4.96104E-05,7.12076E-04,5.82750E-05,8.41536E-04,8.66888E-05,7.06301E-04,1.11237E-04,7.30293E-04,1.14161E-04,7.43466E-04,1.14853E-04,7.39150E-04,1.11339E-04,7.06174E-04,1.18837E-04,7.33928E-04,1.09570E-04,7.20021E-04,1.07593E-04,7.05492E-04,1.15061E-04,7.29982E-04,1.05625E-04,7.23618E-04,1.03932E-04,7.17311E-04,1.10597E-04,7.35451E-04,1.01694E-04,7.03972E-04,1.02322E-04,7.05936E-04,1.01703E-04,7.35214E-04,1.01685E-04,7.23173E-04,8.86295E-05,6.88654E-04,8.27205E-05,6.06846E-04,9.28756E-05,6.32126E-04,1.00558E-04,6.64054E-04,9.65587E-05,6.53354E-04,9.47305E-05,6.45343E-04,9.52819E-05,6.84527E-04,8.75495E-05,6.63628E-04,8.31289E-05,6.63252E-04,8.22592E-05,6.73630E-04,7.44551E-05,6.60038E-04,6.94056E-05,6.49072E-04,6.76069E-05,6.79504E-04,5.98748E-05,6.65853E-04,5.55195E-05,6.71041E-04,5.49974E-05,6.85983E-04,5.31228E-05,7.25071E-04,6.24370E-05,8.39604E-04,9.42214E-05,7.09884E-04,1.27086E-04,7.51966E-04,0.00000E+00,0.00000E+00,1.32932E-04,7.57556E-04,1.28946E-04,7.32376E-04,0.00000E+00,0.00000E+00,1.26562E-04,7.25481E-04,1.24669E-04,7.27754E-04,3.07700E-09,4.16125E-04,1.22036E-04,7.19931E-04,1.19598E-04,7.21499E-04,0.00000E+00,0.00000E+00,1.17375E-04,7.12478E-04,1.17602E-04,7.39017E-04,0.00000E+00,0.00000E+00,1.15538E-04,7.34232E-04,9.53904E-05,6.74320E-04,8.91297E-05,6.09450E-04,1.02738E-04,6.51319E-04,0.00000E+00,0.00000E+00,1.07445E-04,6.60006E-04,1.05330E-04,6.63154E-04,0.00000E+00,0.00000E+00,9.77540E-05,6.78812E-04,9.23410E-05,6.67281E-04,2.42796E-09,3.30651E-04,8.23078E-05,6.77409E-04,7.67565E-05,6.68263E-04,0.00000E+00,0.00000E+00,6.65055E-05,6.82019E-04,6.12543E-05,6.69216E-04,0.00000E+00,0.00000E+00,5.85384E-05,7.26623E-04,6.67568E-05,8.44358E-04,1.00979E-04,7.23473E-04,1.28807E-04,7.30697E-04,1.32127E-04,7.38701E-04,1.33360E-04,7.35399E-04,1.29268E-04,7.10265E-04,1.36183E-04,7.20738E-04,1.25731E-04,7.05976E-04,1.24192E-04,7.02914E-04,1.32038E-04,7.06828E-04,1.21489E-04,7.10930E-04,1.19538E-04,7.13245E-04,1.26447E-04,7.15452E-04,1.16886E-04,7.04958E-04,1.17013E-04,7.07297E-04,1.15141E-04,7.20175E-04,1.15619E-04,