seed = -2915461;
pop = 117000;
Inactive_Cycles = 1525;
Active_Cycles = 950;
Total_CPU_Time = 7.20034E+05;
Total_Transport_Time = 9.28849E+03;
Time_Per_Integration = 1.05529E-09;
Clock_Time = 9.56537E+03;
keff_keff = [ 1.07697E+00,2.28180E-05];
fissionRate_fissionRate = reshape([ 6.80450E-05,7.38948E-05,6.71768E-05,7.38657E-05,6.67190E-05,7.38799E-05,6.65896E-05,7.38871E-05,6.66020E-05,7.39800E-05,6.67044E-05,7.38430E-05,6.61873E-05,7.40748E-05,6.58582E-05,7.39233E-05,6.56684E-05,7.36799E-05,6.50852E-05,7.39740E-05,6.47408E-05,7.38376E-05,6.44938E-05,7.35645E-05,6.38736E-05,7.34360E-05,6.34146E-05,7.34039E-05,6.35386E-05,7.31699E-05,6.52045E-05,7.25989E-05,7.08404E-05,7.13837E-05,6.21228E-05,6.43469E-05,6.58248E-05,6.36144E-05,6.70526E-05,6.31677E-05,6.71100E-05,6.29485E-05,6.62989E-05,6.29257E-05,6.49939E-05,6.26585E-05,6.25523E-05,6.26061E-05,6.00094E-05,6.27403E-05,5.74673E-05,6.25757E-05,5.41796E-05,6.26374E-05,5.09623E-05,6.27055E-05,4.77675E-05,6.24070E-05,4.40111E-05,6.25528E-05,4.04866E-05,6.27115E-05,3.74641E-05,6.25225E-05,3.60687E-05,6.26538E-05,3.88883E-05,6.49166E-05,4.63932E-05,5.90243E-05,5.84185E-05,6.61702E-05,5.72636E-05,6.61763E-05,5.76247E-05,6.62587E-05,5.85100E-05,6.68783E-05,6.08354E-05,6.75620E-05,5.78602E-05,6.68827E-05,5.74149E-05,6.69528E-05,5.96115E-05,6.74813E-05,5.67593E-05,6.69716E-05,5.65371E-05,6.67508E-05,5.88074E-05,6.73131E-05,5.61159E-05,6.65742E-05,5.49487E-05,6.59406E-05,5.49667E-05,6.58052E-05,5.82088E-05,6.64357E-05,5.17520E-05,6.02468E-05,4.83196E-05,5.31394E-05,5.29177E-05,5.32757E-05,5.50234E-05,5.36130E-05,5.61125E-05,5.38098E-05,5.62237E-05,5.42182E-05,5.68301E-05,5.50539E-05,5.31302E-05,5.44288E-05,5.09212E-05,5.42467E-05,5.02338E-05,5.48647E-05,4.60422E-05,5.43020E-05,4.33040E-05,5.42298E-05,4.19244E-05,5.49151E-05,3.76957E-05,5.43414E-05,3.44440E-05,5.41036E-05,3.19286E-05,5.43881E-05,3.14449E-05,5.61632E-05,3.60710E-05,6.26715E-05,4.21903E-05,5.32270E-05,5.24666E-05,5.89042E-05,5.23641E-05,5.98289E-05,5.55214E-05,6.25647E-05,5.59063E-05,6.30135E-05,0.00000E+00,0.00000E+00,5.33141E-05,6.18135E-05,5.27356E-05,6.16879E-05,0.00000E+00,0.00000E+00,5.21998E-05,6.16021E-05,5.20606E-05,6.16948E-05,0.00000E+00,0.00000E+00,5.35603E-05,6.27099E-05,5.29450E-05,6.22395E-05,5.04260E-05,5.96815E-05,5.28955E-05,6.02288E-05,4.84751E-05,5.67060E-05,4.59646E-05,4.83779E-05,5.12873E-05,4.96521E-05,5.48249E-05,5.09739E-05,5.82397E-05,5.27592E-05,5.84165E-05,5.30193E-05,0.00000E+00,0.00000E+00,5.44806E-05,5.28782E-05,5.20995E-05,5.23571E-05,0.00000E+00,0.00000E+00,4.72093E-05,5.26989E-05,4.43645E-05,5.22765E-05,0.00000E+00,0.00000E+00,3.93385E-05,5.35317E-05,3.61536E-05,5.33503E-05,3.25435E-05,5.26333E-05,3.19064E-05,5.45072E-05,3.74568E-05,6.24770E-05,4.39551E-05,5.22326E-05,5.52344E-05,5.81617E-05,5.80464E-05,6.11657E-05,0.00000E+00,0.00000E+00,5.72688E-05,6.18911E-05,6.19489E-05,6.29411E-05,5.71391E-05,5.99255E-05,5.64726E-05,5.96189E-05,5.91379E-05,6.21962E-05,5.58381E-05,5.96271E-05,5.57573E-05,5.97114E-05,5.97812E-05,6.27478E-05,5.47528E-05,6.15956E-05,0.00000E+00,0.00000E+00,5.57836E-05,6.09531E-05,5.58123E-05,5.93140E-05,5.07028E-05,5.57260E-05,4.80911E-05,4.72403E-05,5.43184E-05,4.89189E-05,6.03806E-05,5.16480E-05,0.00000E+00,0.00000E+00,6.17177E-05,5.22457E-05,5.97213E-05,5.19002E-05,5.50524E-05,5.07584E-05,5.25928E-05,5.05143E-05,5.20260E-05,5.16278E-05,4.75718E-05,5.06216E-05,4.48330E-05,5.05307E-05,4.40486E-05,5.18016E-05,4.14343E-05,5.21711E-05,0.00000E+00,0.00000E+00,3.61449E-05,5.34887E-05,3.44385E-05,5.41003E-05,4.04853E-05,6.25613E-05,4.76219E-05,5.22266E-05,6.09998E-05,5.91748E-05,6.38022E-05,6.22120E-05,6.19362E-05,6.13024E-05,6.50564E-05,6.15118E-05,6.57909E-05,6.28667E-05,6.07572E-05,5.93177E-05,6.01843E-05,5.90983E-05,6.35610E-05,6.22960E-05,5.94725E-05,5.90919E-05,5.92474E-05,5.92001E-05,6.34226E-05,6.24384E-05,6.22325E-05,6.10717E-05,5.89088E-05,6.10769E-05,6.11998E-05,6.19582E-05,6.13990E-05,6.00957E-05,5.47874E-05,5.57284E-05,5.18624E-05,4.71735E-05,5.91411E-05,4.92429E-05,6.56816E-05,5.17531E-05,6.66360E-05,5.15507E-05,6.39483E-05,5.09380E-05,6.38056E-05,5.20681E-05,5.89018E-05,5.04785E-05,5.63827E-05,5.02980E-05,5.59434E-05,5.18690E-05,5.10142E-05,5.05397E-05,4.80362E-05,5.03786E-05,4.71074E-05,5.19497E-05,4.30173E-05,5.12867E-05,4.14349E-05,5.22162E-05,3.93504E-05,5.35321E-05,3.76955E-05,5.43116E-05,4.40345E-05,6.26023E-05,5.18865E-05,5.22354E-05,6.91106E-05,6.06897E-05,0.00000E+00,0.00000E+00,7.34358E-05,6.29353E-05,7.11191E-05,6.19853E-05,0.00000E+00,0.00000E+00,6.91863E-05,6.15348E-05,6.86349E-05,6.11294E-05,0.00000E+00,0.00000E+00,6.78623E-05,6.12819E-05,6.74150E-05,6.10834E-05,0.00000E+00,0.00000E+00,6.78917E-05,6.16432E-05,6.97116E-05,6.27406E-05,0.00000E+00,0.00000E+00,6.92366E-05,6.12773E-05,5.94808E-05,5.56936E-05,5.62889E-05,4.71385E-05,6.58888E-05,5.05323E-05,0.00000E+00,0.00000E+00,7.10336E-05,5.11882E-05,6.98849E-05,5.12296E-05,0.00000E+00,0.00000E+00,6.56428E-05,5.15134E-05,6.28060E-05,5.11083E-05,0.00000E+00,0.00000E+00,5.68907E-05,5.16112E-05,5.34298E-05,5.10342E-05,0.00000E+00,0.00000E+00,4.70920E-05,5.19712E-05,4.40766E-05,5.18001E-05,0.00000E+00,0.00000E+00,4.19029E-05,5.49581E-05,4.77826E-05,6.24229E-05,5.55984E-05,5.20240E-05,7.07986E-05,5.86357E-05,7.13482E-05,5.99791E-05,7.33291E-05,5.95245E-05,7.14507E-05,5.87592E-05,7.46281E-05,6.08682E-05,7.01883E-05,5.84419E-05,6.99120E-05,5.82496E-05,7.34770E-05,6.03872E-05,6.89966E-05,5.81657E-05,6.83897E-05,5.83441E-05,7.18224E-05,6.05494E-05,6.80787E-05,5.86915E-05,6.94921E-05,5.93252E-05,6.81365E-05,5.98026E-05,7.08429E-05,5.96631E-05,6.34924E-05,5.56267E-05,5.99219E-05,4.69206E-05,6.80013E-05,4.88832E-05,7.41976E-05,5.04386E-05,7.22305E-05,4.98976E-05,7.13538E-05,4.99413E-05,7.23375E-05,5.09912E-05,6.73398E-05,5.01253E-05,6.45344E-05,4.99430E-05,6.40059E-05,5.09292E-05,5.83980E-05,5.00991E-05,5.48680E-05,4.99982E-05,5.34084E-05,5.09768E-05,4.80094E-05,5.03142E-05,4.48480E-05,5.05435E-05,4.43686E-05,5.23202E-05,4.33030E-05,5.41200E-05,5.09360E-05,6.25906E-05,5.96368E-05,5.21450E-05,7.60311E-05,5.90588E-05,7.69920E-05,6.11334E-05,7.86657E-05,5.98600E-05,7.67092E-05,5.93708E-05,8.07500E-05,6.21542E-05,7.57467E-05,5.88127E-05,7.58759E-05,5.84875E-05,8.11746E-05,6.10584E-05,7.49155E-05,5.85833E-05,7.36569E-05,5.87122E-05,7.75812E-05,6.19055E-05,7.29419E-05,5.90507E-05,7.43202E-05,5.96993E-05,7.32166E-05,6.08609E-05,7.57675E-05,5.99122E-05,6.77491E-05,5.57159E-05,6.39032E-05,4.69339E-05,7.24794E-05,4.90386E-05,7.91267E-05,5.11484E-05,7.67751E-05,5.00315E-05,7.58814E-05,5.01306E-05,7.71026E-05,5.15629E-05,7.17097E-05,5.02384E-05,6.87750E-05,5.00350E-05,6.83276E-05,5.15546E-05,6.22077E-05,5.01953E-05,5.83652E-05,5.00221E-05,5.68777E-05,5.15725E-05,5.10029E-05,5.05916E-05,4.75633E-05,5.07056E-05,4.72046E-05,5.28545E-05,4.60491E-05,5.43336E-05,5.41842E-05,6.25747E-05,6.39394E-05,5.22286E-05,8.49136E-05,6.06890E-05,0.00000E+00,0.00000E+00,8.84371E-05,6.26167E-05,8.64905E-05,6.14813E-05,0.00000E+00,0.00000E+00,8.55283E-05,6.12869E-05,8.64810E-05,6.05308E-05,2.14606E-09,2.23684E-05,8.53008E-05,6.06299E-05,8.29552E-05,6.09430E-05,0.00000E+00,0.00000E+00,8.19689E-05,6.14216E-05,8.31641E-05,6.23582E-05,0.00000E+00,0.00000E+00,8.39877E-05,6.13942E-05,7.22108E-05,5.56730E-05,6.81656E-05,4.70836E-05,7.94878E-05,5.05252E-05,0.00000E+00,0.00000E+00,8.43990E-05,5.10489E-05,8.34030E-05,5.10960E-05,0.00000E+00,0.00000E+00,7.87755E-05,5.13980E-05,7.54909E-05,5.09529E-05,2.00063E-09,1.46101E-05,6.83285E-05,5.15669E-05,6.40058E-05,5.08894E-05,0.00000E+00,0.00000E+00,5.59373E-05,5.17811E-05,5.20215E-05,5.15654E-05,0.00000E+00,0.00000E+00,5.02075E-05,5.49010E-05,5.74851E-05,6.24850E-05,6.74332E-05,5.22639E-05,8.57920E-05,5.89018E-05,8.64817E-05,6.00200E-05,8.88899E-05,5.96956E-05,8.68207E-05,5.89391E-05,9.10076E-05,6.07349E-05,8.55170E-05,5.84740E-05,8.53940E-05,5.83107E-05,9.04914E-05,6.01986E-05,8.39524E-05,5.83099E-05,8.26378E-05,5.84629E-05,8.65241E-05,6.08669E-05,8.17992E-05,5.86261E-05,8.32265E-05,5.94752E-05,8.16218E-05,5.99779E-05,8.46946E-05,