seed = -894433029;
pop = 1750;
Inactive_Cycles = 1000;
Active_Cycles = 2600;
Total_CPU_Time = 1.73624E+03;
Total_Transport_Time = 5.34925E+02;
Time_Per_Integration = 9.24265E-09;
Clock_Time = 5.44019E+02;
keff_keff = [ 1.18670E+00,1.49996E-04];
fissionRate_fissionRate = reshape([ 9.12418E-05,5.09021E-04,9.00110E-05,5.06345E-04,8.96048E-05,5.03427E-04,8.93362E-05,5.04545E-04,8.92497E-05,5.05843E-04,8.96438E-05,5.02115E-04,8.85756E-05,5.06309E-04,8.76698E-05,5.05260E-04,8.69384E-05,5.03678E-04,8.56984E-05,5.06036E-04,8.49722E-05,5.02568E-04,8.41498E-05,5.02085E-04,8.21605E-05,4.99630E-04,8.07170E-05,5.03488E-04,7.99707E-05,5.03830E-04,8.14776E-05,4.98401E-04,8.73760E-05,4.86609E-04,7.62651E-05,4.43263E-04,7.97610E-05,4.41957E-04,8.06544E-05,4.40791E-04,8.05017E-05,4.36818E-04,7.87915E-05,4.35701E-04,7.67045E-05,4.35316E-04,7.33008E-05,4.39292E-04,7.00800E-05,4.35455E-04,6.67959E-05,4.37261E-04,6.25632E-05,4.35108E-04,5.82956E-05,4.41184E-04,5.43124E-05,4.38518E-04,4.96989E-05,4.37334E-04,4.54476E-05,4.35653E-04,4.20821E-05,4.37527E-04,4.04841E-05,4.35639E-04,4.36960E-05,4.52815E-04,6.26284E-05,4.07252E-04,7.85030E-05,4.52958E-04,7.73549E-05,4.46202E-04,7.80922E-05,4.47072E-04,7.97981E-05,4.48682E-04,8.38230E-05,4.49999E-04,7.85678E-05,4.50686E-04,7.72614E-05,4.50759E-04,8.06656E-05,4.51117E-04,7.56234E-05,4.50295E-04,7.52821E-05,4.52351E-04,7.83439E-05,4.49785E-04,7.35454E-05,4.46227E-04,7.08294E-05,4.45894E-04,6.97927E-05,4.48575E-04,7.27392E-05,4.52341E-04,6.39210E-05,4.11212E-04,5.95156E-05,3.64861E-04,6.43039E-05,3.69336E-04,6.61937E-05,3.75555E-04,6.71575E-05,3.74510E-04,6.70022E-05,3.77543E-04,6.73099E-05,3.81740E-04,6.24836E-05,3.78123E-04,5.94451E-05,3.75693E-04,5.82681E-05,3.81974E-04,5.28789E-05,3.80496E-04,4.95702E-05,3.78762E-04,4.76456E-05,3.84066E-04,4.27236E-05,3.82886E-04,3.88930E-05,3.79079E-04,3.58856E-05,3.80277E-04,3.53822E-05,3.92678E-04,4.05127E-05,4.38095E-04,5.77396E-05,3.68823E-04,7.15336E-05,4.03466E-04,7.21140E-05,4.03989E-04,7.78937E-05,4.19225E-04,7.89648E-05,4.20757E-04,0.00000E+00,0.00000E+00,7.43614E-05,4.17192E-04,7.30749E-05,4.13006E-04,0.00000E+00,0.00000E+00,7.13423E-05,4.13361E-04,7.07536E-05,4.09768E-04,0.00000E+00,0.00000E+00,7.24870E-05,4.20228E-04,7.09640E-05,4.20718E-04,6.52815E-05,4.06045E-04,6.65893E-05,4.13335E-04,6.00626E-05,3.90471E-04,5.67497E-05,3.36412E-04,6.26903E-05,3.47474E-04,6.66590E-05,3.57477E-04,7.02615E-05,3.66227E-04,7.01999E-05,3.68357E-04,0.00000E+00,0.00000E+00,6.41544E-05,3.70042E-04,6.08703E-05,3.65937E-04,0.00000E+00,0.00000E+00,5.43911E-05,3.69267E-04,5.08025E-05,3.66920E-04,0.00000E+00,0.00000E+00,4.46786E-05,3.80842E-04,4.08163E-05,3.75115E-04,3.64519E-05,3.68091E-04,3.59555E-05,3.78349E-04,4.20321E-05,4.36594E-04,6.07523E-05,3.63374E-04,7.68104E-05,3.95216E-04,8.27287E-05,4.10946E-04,0.00000E+00,0.00000E+00,8.17720E-05,4.12041E-04,8.77522E-05,4.20460E-04,7.93950E-05,4.02156E-04,7.79119E-05,4.02387E-04,8.22047E-05,4.15342E-04,7.63391E-05,4.00469E-04,7.58505E-05,4.02527E-04,8.20445E-05,4.18288E-04,7.47807E-05,4.12104E-04,0.00000E+00,0.00000E+00,7.40614E-05,4.12015E-04,7.15409E-05,4.04291E-04,6.35602E-05,3.85939E-04,5.94566E-05,3.30195E-04,6.68564E-05,3.40730E-04,7.38214E-05,3.60252E-04,0.00000E+00,0.00000E+00,7.44654E-05,3.66892E-04,7.13039E-05,3.63624E-04,6.52543E-05,3.54164E-04,6.19238E-05,3.52384E-04,6.08278E-05,3.61044E-04,5.51038E-05,3.55802E-04,5.16469E-05,3.55490E-04,5.05707E-05,3.63501E-04,4.72411E-05,3.66816E-04,0.00000E+00,0.00000E+00,4.09038E-05,3.76446E-04,3.87810E-05,3.81530E-04,4.55430E-05,4.38811E-04,6.66683E-05,3.62307E-04,8.64285E-05,4.02079E-04,9.22001E-05,4.16446E-04,8.94924E-05,4.05394E-04,9.28852E-05,4.10056E-04,9.42141E-05,4.20637E-04,8.54125E-05,4.01259E-04,8.39290E-05,3.96815E-04,8.93911E-05,4.14474E-04,8.21095E-05,4.01494E-04,8.15716E-05,4.01011E-04,8.80411E-05,4.19299E-04,8.45775E-05,4.07460E-04,8.01086E-05,4.08743E-04,8.28477E-05,4.16214E-04,7.98107E-05,4.07818E-04,6.91605E-05,3.84787E-04,6.47552E-05,3.26934E-04,7.35690E-05,3.44971E-04,8.08122E-05,3.64415E-04,8.15311E-05,3.59453E-04,7.79855E-05,3.54201E-04,7.67137E-05,3.65014E-04,7.00369E-05,3.56171E-04,6.65368E-05,3.51290E-04,6.56091E-05,3.67465E-04,5.97211E-05,3.54348E-04,5.56102E-05,3.57621E-04,5.44853E-05,3.62231E-04,4.93105E-05,3.58279E-04,4.73958E-05,3.62832E-04,4.47887E-05,3.78901E-04,4.27006E-05,3.83190E-04,4.97289E-05,4.40916E-04,7.36535E-05,3.64398E-04,9.97131E-05,4.09220E-04,0.00000E+00,0.00000E+00,1.06460E-04,4.21480E-04,1.03193E-04,4.12779E-04,0.00000E+00,0.00000E+00,9.91431E-05,4.12772E-04,9.78525E-05,4.08446E-04,0.00000E+00,0.00000E+00,9.58482E-05,4.10966E-04,9.42343E-05,4.10666E-04,0.00000E+00,0.00000E+00,9.42010E-05,4.11685E-04,9.52718E-05,4.20427E-04,0.00000E+00,0.00000E+00,9.21053E-05,4.16216E-04,7.61639E-05,3.83307E-04,7.11219E-05,3.25634E-04,8.26291E-05,3.51161E-04,0.00000E+00,0.00000E+00,8.77577E-05,3.55939E-04,8.52452E-05,3.56692E-04,0.00000E+00,0.00000E+00,7.86713E-05,3.60232E-04,7.47369E-05,3.55940E-04,0.00000E+00,0.00000E+00,6.65404E-05,3.63500E-04,6.21648E-05,3.59306E-04,0.00000E+00,0.00000E+00,5.44368E-05,3.66308E-04,5.05076E-05,3.63768E-04,0.00000E+00,0.00000E+00,4.76946E-05,3.85021E-04,5.41970E-05,4.38667E-04,7.96992E-05,3.60024E-04,1.02117E-04,3.95369E-04,1.04594E-04,4.01391E-04,1.06108E-04,3.98628E-04,1.02880E-04,3.97502E-04,1.08073E-04,4.03672E-04,1.00205E-04,3.92977E-04,9.90344E-05,3.95161E-04,1.04641E-04,4.06046E-04,9.65737E-05,3.92339E-04,9.46984E-05,3.92755E-04,1.00611E-04,4.04591E-04,9.38914E-05,3.95020E-04,9.51942E-05,3.98151E-04,9.32434E-05,4.03810E-04,9.39438E-05,4.03151E-04,8.15498E-05,3.86606E-04,7.61562E-05,3.25276E-04,8.56901E-05,3.38444E-04,9.30328E-05,3.52271E-04,8.96718E-05,3.47155E-04,8.77237E-05,3.49084E-04,8.82301E-05,3.56200E-04,8.12600E-05,3.50765E-04,7.73820E-05,3.46705E-04,7.61546E-05,3.55936E-04,6.87726E-05,3.51638E-04,6.45800E-05,3.49009E-04,6.23119E-05,3.59061E-04,5.57328E-05,3.53358E-04,5.17605E-05,3.54837E-04,5.08838E-05,3.66913E-04,4.96256E-05,3.81370E-04,5.84318E-05,4.40894E-04,8.64311E-05,3.63885E-04,1.11394E-04,4.01070E-04,1.14433E-04,4.11245E-04,1.15903E-04,4.03330E-04,1.12272E-04,3.97501E-04,1.18941E-04,4.13527E-04,1.09371E-04,3.96503E-04,1.08401E-04,3.96543E-04,1.14935E-04,4.16928E-04,1.05380E-04,3.99155E-04,1.03792E-04,3.95343E-04,1.09820E-04,4.11673E-04,1.01618E-04,3.97113E-04,1.02390E-04,4.02351E-04,1.01334E-04,4.11044E-04,1.01008E-04,4.07784E-04,8.81735E-05,3.80886E-04,8.19905E-05,3.22857E-04,9.21957E-05,3.42099E-04,1.00131E-04,3.57231E-04,9.59675E-05,3.48422E-04,9.40762E-05,3.49849E-04,9.49516E-05,3.56760E-04,8.74607E-05,3.50221E-04,8.30152E-05,3.50429E-04,8.19883E-05,3.60336E-04,7.39411E-05,3.50569E-04,6.88225E-05,3.47345E-04,6.68965E-05,3.63117E-04,5.94870E-05,3.57302E-04,5.53374E-05,3.54323E-04,5.45494E-05,3.72259E-04,5.31526E-05,3.79574E-04,6.25108E-05,4.34534E-04,9.36960E-05,3.58607E-04,1.27066E-04,4.10928E-04,0.00000E+00,0.00000E+00,1.33311E-04,4.16336E-04,1.29363E-04,4.10806E-04,0.00000E+00,0.00000E+00,1.26044E-04,4.07152E-04,1.24837E-04,4.09218E-04,3.07436E-09,1.47841E-04,1.21757E-04,4.10209E-04,1.19382E-04,4.09110E-04,0.00000E+00,0.00000E+00,1.17018E-04,4.13240E-04,1.17580E-04,4.18298E-04,0.00000E+00,0.00000E+00,1.14073E-04,4.15498E-04,9.56738E-05,3.79170E-04,8.82299E-05,3.28062E-04,1.02049E-04,3.51942E-04,0.00000E+00,0.00000E+00,1.06567E-04,3.54919E-04,1.04419E-04,3.53156E-04,0.00000E+00,0.00000E+00,9.69944E-05,3.59123E-04,9.18995E-05,3.57577E-04,2.41214E-09,1.01013E-04,8.17552E-05,3.62997E-04,7.62924E-05,3.55409E-04,0.00000E+00,0.00000E+00,6.61870E-05,3.62253E-04,6.09029E-05,3.62355E-04,0.00000E+00,0.00000E+00,5.86436E-05,3.85308E-04,6.65747E-05,4.36161E-04,1.00403E-04,3.61124E-04,1.29040E-04,3.96116E-04,1.31928E-04,4.01924E-04,1.33361E-04,4.00371E-04,1.29342E-04,3.95815E-04,1.36496E-04,4.04809E-04,1.26358E-04,3.93761E-04,1.24399E-04,3.93959E-04,1.31332E-04,4.07808E-04,1.21492E-04,3.92854E-04,1.19394E-04,3.93149E-04,1.25781E-04,4.05184E-04,1.16540E-04,3.95744E-04,1.17533E-04,3.99526E-04,1.14802E-04,4.02123E-04,1.15425E-04,