seed = 56398258;
pop = 117000;
Inactive_Cycles = 1525;
Active_Cycles = 950;
Total_CPU_Time = 5.05361E+05;
Total_Transport_Time = 6.61618E+03;
Time_Per_Integration = 2.06196E-09;
Clock_Time = 6.66999E+03;
keff_keff = [ 1.07786E+00,2.34399E-05];
fissionRate_fissionRate = reshape([ 6.77229E-05,1.16478E-04,6.68429E-05,1.14700E-04,6.63872E-05,1.15561E-04,6.62985E-05,1.15692E-04,6.63728E-05,1.15496E-04,6.64284E-05,1.14727E-04,6.58968E-05,1.15995E-04,6.55349E-05,1.14684E-04,6.54080E-05,1.14473E-04,6.48305E-05,1.14876E-04,6.44316E-05,1.14755E-04,6.42196E-05,1.14636E-04,6.36110E-05,1.14140E-04,6.31841E-05,1.14232E-04,6.32680E-05,1.14151E-04,6.48720E-05,1.12964E-04,7.04356E-05,1.09943E-04,6.18548E-05,1.00608E-04,6.56095E-05,9.92483E-05,6.68134E-05,9.84258E-05,6.68340E-05,9.84643E-05,6.59861E-05,9.78153E-05,6.47380E-05,9.71759E-05,6.22868E-05,9.76815E-05,5.97463E-05,9.75849E-05,5.72516E-05,9.74208E-05,5.39541E-05,9.76930E-05,5.06936E-05,9.76138E-05,4.75425E-05,9.71016E-05,4.38183E-05,9.71584E-05,4.02331E-05,9.74371E-05,3.72268E-05,9.71591E-05,3.58408E-05,9.73972E-05,3.86518E-05,1.01272E-04,4.61133E-05,9.14442E-05,5.80141E-05,1.01276E-04,5.68762E-05,1.01249E-04,5.72655E-05,1.01448E-04,5.81450E-05,1.02320E-04,6.05825E-05,1.02998E-04,5.74434E-05,1.02532E-04,5.70081E-05,1.02450E-04,5.93230E-05,1.02680E-04,5.64434E-05,1.02492E-04,5.61969E-05,1.02380E-04,5.85865E-05,1.02633E-04,5.57540E-05,1.01909E-04,5.46605E-05,1.00968E-04,5.45726E-05,1.00358E-04,5.77858E-05,1.01218E-04,5.14142E-05,9.23272E-05,4.81106E-05,8.19445E-05,5.26856E-05,8.17505E-05,5.47902E-05,8.22065E-05,5.58289E-05,8.25446E-05,5.59350E-05,8.32177E-05,5.66096E-05,8.44246E-05,5.28505E-05,8.34664E-05,5.06648E-05,8.31956E-05,5.00171E-05,8.40765E-05,4.57929E-05,8.30924E-05,4.30500E-05,8.35360E-05,4.17150E-05,8.44947E-05,3.74544E-05,8.36478E-05,3.42120E-05,8.31567E-05,3.16830E-05,8.38566E-05,3.12056E-05,8.64991E-05,3.58176E-05,9.70545E-05,4.20296E-05,8.22481E-05,5.21398E-05,8.95948E-05,5.21214E-05,9.10604E-05,5.53382E-05,9.47754E-05,5.57164E-05,9.55425E-05,0.00000E+00,0.00000E+00,5.31720E-05,9.38120E-05,5.25858E-05,9.29846E-05,0.00000E+00,0.00000E+00,5.20589E-05,9.35975E-05,5.19048E-05,9.32710E-05,0.00000E+00,0.00000E+00,5.34173E-05,9.55387E-05,5.27726E-05,9.42003E-05,5.01386E-05,9.05844E-05,5.26048E-05,9.14373E-05,4.82537E-05,8.62823E-05,4.58225E-05,7.44478E-05,5.11059E-05,7.59285E-05,5.46519E-05,7.83288E-05,5.81277E-05,8.06051E-05,5.82800E-05,8.10850E-05,0.00000E+00,0.00000E+00,5.43702E-05,8.10069E-05,5.19666E-05,7.99925E-05,0.00000E+00,0.00000E+00,4.70481E-05,8.09184E-05,4.42237E-05,7.97425E-05,0.00000E+00,0.00000E+00,3.91799E-05,8.20319E-05,3.59927E-05,8.16595E-05,3.23230E-05,8.08733E-05,3.16827E-05,8.35552E-05,3.72118E-05,9.72061E-05,4.38043E-05,8.04765E-05,5.50220E-05,8.80121E-05,5.78711E-05,9.26170E-05,0.00000E+00,0.00000E+00,5.71300E-05,9.41722E-05,6.18726E-05,9.54510E-05,5.69184E-05,9.08921E-05,5.62664E-05,9.06642E-05,5.90197E-05,9.38601E-05,5.56057E-05,9.07842E-05,5.55735E-05,9.08997E-05,5.96645E-05,9.51044E-05,5.46452E-05,9.36443E-05,0.00000E+00,0.00000E+00,5.56513E-05,9.26427E-05,5.55495E-05,8.99788E-05,5.05219E-05,8.50576E-05,4.79967E-05,7.25367E-05,5.42370E-05,7.51453E-05,6.02932E-05,7.93016E-05,0.00000E+00,0.00000E+00,6.16370E-05,8.02760E-05,5.96614E-05,7.96199E-05,5.48252E-05,7.80845E-05,5.23890E-05,7.76594E-05,5.19147E-05,7.90457E-05,4.73408E-05,7.78735E-05,4.46337E-05,7.75129E-05,4.39276E-05,7.91697E-05,4.12636E-05,8.01257E-05,0.00000E+00,0.00000E+00,3.59817E-05,8.16589E-05,3.42036E-05,8.32317E-05,4.02216E-05,9.69720E-05,4.74797E-05,8.05299E-05,6.07562E-05,9.01036E-05,6.36678E-05,9.43632E-05,6.18569E-05,9.32687E-05,6.48850E-05,9.40767E-05,6.57327E-05,9.47756E-05,6.05680E-05,9.02743E-05,6.00136E-05,8.99871E-05,6.34658E-05,9.38694E-05,5.92967E-05,9.01554E-05,5.91010E-05,9.01993E-05,6.33533E-05,9.47742E-05,6.20140E-05,9.33037E-05,5.88196E-05,9.29415E-05,6.10959E-05,9.39515E-05,6.11787E-05,9.14026E-05,5.46192E-05,8.47822E-05,5.17915E-05,7.23132E-05,5.90700E-05,7.55133E-05,6.55783E-05,7.95045E-05,6.65342E-05,7.92696E-05,6.37578E-05,7.82850E-05,6.37452E-05,7.93387E-05,5.87568E-05,7.73950E-05,5.61897E-05,7.72905E-05,5.58685E-05,7.89537E-05,5.07993E-05,7.75106E-05,4.78276E-05,7.75696E-05,4.69924E-05,7.98624E-05,4.28082E-05,7.87348E-05,4.12706E-05,8.00488E-05,3.91929E-05,8.16774E-05,3.74332E-05,8.33645E-05,4.37688E-05,9.76203E-05,5.18039E-05,8.03353E-05,6.89907E-05,9.22475E-05,0.00000E+00,0.00000E+00,7.33508E-05,9.53121E-05,7.10918E-05,9.35672E-05,0.00000E+00,0.00000E+00,6.92068E-05,9.31642E-05,6.86377E-05,9.25545E-05,0.00000E+00,0.00000E+00,6.78068E-05,9.29051E-05,6.73895E-05,9.29398E-05,0.00000E+00,0.00000E+00,6.78689E-05,9.35154E-05,6.96166E-05,9.51594E-05,0.00000E+00,0.00000E+00,6.90377E-05,9.28448E-05,5.93060E-05,8.46104E-05,5.62586E-05,7.24038E-05,6.59081E-05,7.74735E-05,0.00000E+00,0.00000E+00,7.10455E-05,7.81220E-05,6.98372E-05,7.81404E-05,0.00000E+00,0.00000E+00,6.55438E-05,7.88150E-05,6.27165E-05,7.81246E-05,0.00000E+00,0.00000E+00,5.67974E-05,7.89075E-05,5.33434E-05,7.81625E-05,0.00000E+00,0.00000E+00,4.69990E-05,7.98559E-05,4.39284E-05,7.90897E-05,0.00000E+00,0.00000E+00,4.16968E-05,8.44659E-05,4.75432E-05,9.68433E-05,5.54853E-05,8.03752E-05,7.05856E-05,8.93532E-05,7.12852E-05,9.06680E-05,7.31766E-05,9.08160E-05,7.12775E-05,8.97430E-05,7.45991E-05,9.22164E-05,7.00327E-05,8.89869E-05,6.97078E-05,8.85146E-05,7.34515E-05,9.11426E-05,6.88745E-05,8.85467E-05,6.82289E-05,8.85575E-05,7.18202E-05,9.17713E-05,6.79190E-05,8.94239E-05,6.93249E-05,9.00796E-05,6.80374E-05,9.04486E-05,7.05749E-05,9.07778E-05,6.32939E-05,8.45111E-05,5.98836E-05,7.19891E-05,6.79256E-05,7.47579E-05,7.42010E-05,7.71697E-05,7.21268E-05,7.65312E-05,7.11907E-05,7.64009E-05,7.22650E-05,7.79078E-05,6.71255E-05,7.66245E-05,6.43774E-05,7.63438E-05,6.39573E-05,7.75707E-05,5.82107E-05,7.67670E-05,5.47270E-05,7.67274E-05,5.33474E-05,7.81031E-05,4.78374E-05,7.71722E-05,4.46571E-05,7.74288E-05,4.42016E-05,8.00905E-05,4.30466E-05,8.32314E-05,5.06899E-05,9.73870E-05,5.95691E-05,8.04775E-05,7.59094E-05,8.94803E-05,7.69918E-05,9.24829E-05,7.85178E-05,9.12387E-05,7.65513E-05,8.98963E-05,8.08019E-05,9.38784E-05,7.56183E-05,8.97856E-05,7.57260E-05,8.91708E-05,8.11662E-05,9.24762E-05,7.47100E-05,8.92784E-05,7.34823E-05,8.92325E-05,7.75935E-05,9.36125E-05,7.28022E-05,8.95772E-05,7.40939E-05,9.06916E-05,7.32026E-05,9.26532E-05,7.55309E-05,9.09768E-05,6.75702E-05,8.48762E-05,6.38549E-05,7.20754E-05,7.24335E-05,7.53621E-05,7.91519E-05,7.83413E-05,7.66458E-05,7.69634E-05,7.56999E-05,7.67949E-05,7.70691E-05,7.91050E-05,7.15028E-05,7.71236E-05,6.86176E-05,7.67012E-05,6.82700E-05,7.86855E-05,6.20435E-05,7.69748E-05,5.82329E-05,7.68718E-05,5.68079E-05,7.90831E-05,5.07996E-05,7.75153E-05,4.73630E-05,7.77026E-05,4.70248E-05,8.12505E-05,4.57846E-05,8.34108E-05,5.39314E-05,9.72920E-05,6.38921E-05,8.04451E-05,8.49097E-05,9.19970E-05,0.00000E+00,0.00000E+00,8.84128E-05,9.50891E-05,8.65328E-05,9.30768E-05,0.00000E+00,0.00000E+00,8.56021E-05,9.27969E-05,8.64947E-05,9.14752E-05,2.14834E-09,3.89284E-05,8.53128E-05,9.17994E-05,8.29906E-05,9.21990E-05,0.00000E+00,0.00000E+00,8.20150E-05,9.28633E-05,8.31316E-05,9.44005E-05,0.00000E+00,0.00000E+00,8.39328E-05,9.30207E-05,7.20572E-05,8.44668E-05,6.81670E-05,7.22873E-05,7.95497E-05,7.69388E-05,0.00000E+00,0.00000E+00,8.44479E-05,7.83641E-05,8.33251E-05,7.81262E-05,0.00000E+00,0.00000E+00,7.87535E-05,7.87420E-05,7.54493E-05,7.79185E-05,2.00106E-09,2.76261E-05,6.82380E-05,7.88921E-05,6.39009E-05,7.80669E-05,0.00000E+00,0.00000E+00,5.58480E-05,7.93119E-05,5.18760E-05,7.88928E-05,0.00000E+00,0.00000E+00,5.00035E-05,8.43948E-05,5.72192E-05,9.71622E-05,6.74423E-05,8.05232E-05,8.57336E-05,8.94316E-05,8.65621E-05,9.10358E-05,8.87499E-05,9.10483E-05,8.66961E-05,8.98062E-05,9.10884E-05,9.19737E-05,8.54044E-05,8.87896E-05,8.52462E-05,8.87960E-05,9.05117E-05,9.08489E-05,8.38421E-05,8.83364E-05,8.25020E-05,8.91036E-05,8.65836E-05,9.18606E-05,8.16371E-05,8.93945E-05,8.30910E-05,9.04087E-05,8.15817E-05,9.07682E-05,8.44634E-05,