seed = -2123646225;
pop = 117000;
Inactive_Cycles = 1525;
Active_Cycles = 950;
Total_CPU_Time = 1.84600E+05;
Total_Transport_Time = 2.41077E+03;
Time_Per_Integration = 7.51336E-10;
Clock_Time = 2.43621E+03;
keff_keff = [ 1.07733E+00,2.37875E-05];
fissionRate_fissionRate = reshape([ 7.11743E-05,1.14501E-04,7.02987E-05,1.13363E-04,6.98600E-05,1.13547E-04,6.97449E-05,1.13908E-04,6.97957E-05,1.13365E-04,6.98312E-05,1.13379E-04,6.93344E-05,1.14319E-04,6.89926E-05,1.14260E-04,6.87726E-05,1.13447E-04,6.82195E-05,1.13566E-04,6.77921E-05,1.13242E-04,6.75913E-05,1.13312E-04,6.69097E-05,1.13503E-04,6.65195E-05,1.12798E-04,6.66224E-05,1.12305E-04,6.83186E-05,1.11760E-04,7.37936E-05,1.09273E-04,6.44435E-05,9.90685E-05,6.80506E-05,9.72698E-05,6.92025E-05,9.65870E-05,6.91879E-05,9.62875E-05,6.83370E-05,9.57355E-05,6.70185E-05,9.52342E-05,6.45219E-05,9.56343E-05,6.19442E-05,9.53239E-05,5.93079E-05,9.53876E-05,5.59592E-05,9.57641E-05,5.26057E-05,9.51016E-05,4.93534E-05,9.52742E-05,4.55718E-05,9.54002E-05,4.19612E-05,9.50723E-05,3.89282E-05,9.50073E-05,3.75627E-05,9.54356E-05,4.04693E-05,9.81404E-05,4.75287E-05,9.05292E-05,5.99996E-05,1.00740E-04,5.88344E-05,1.00947E-04,5.91570E-05,1.00845E-04,6.00806E-05,1.01907E-04,6.23584E-05,1.02085E-04,5.94090E-05,1.01674E-04,5.90157E-05,1.01714E-04,6.10933E-05,1.01619E-04,5.83644E-05,1.02116E-04,5.80770E-05,1.01478E-04,6.03499E-05,1.02028E-04,5.76830E-05,1.01386E-04,5.65391E-05,1.00146E-04,5.65493E-05,9.98964E-05,5.98178E-05,1.00615E-04,5.29909E-05,9.13286E-05,4.93458E-05,8.01975E-05,5.39453E-05,8.03951E-05,5.61032E-05,8.05413E-05,5.71232E-05,8.11850E-05,5.72634E-05,8.20221E-05,5.78066E-05,8.25433E-05,5.41724E-05,8.17432E-05,5.19480E-05,8.18378E-05,5.11216E-05,8.22590E-05,4.69921E-05,8.19700E-05,4.42159E-05,8.17576E-05,4.27669E-05,8.26031E-05,3.85424E-05,8.22531E-05,3.52851E-05,8.14493E-05,3.27996E-05,8.21601E-05,3.24722E-05,8.47237E-05,3.75721E-05,9.54070E-05,4.27148E-05,8.05098E-05,5.31531E-05,8.85401E-05,5.31081E-05,8.97437E-05,5.61256E-05,9.32517E-05,5.65702E-05,9.43522E-05,0.00000E+00,0.00000E+00,5.39468E-05,9.27360E-05,5.34194E-05,9.20553E-05,0.00000E+00,0.00000E+00,5.28604E-05,9.20178E-05,5.27323E-05,9.23452E-05,0.00000E+00,0.00000E+00,5.42687E-05,9.36775E-05,5.36183E-05,9.28784E-05,5.11706E-05,8.96663E-05,5.37425E-05,9.06207E-05,4.91916E-05,8.48556E-05,4.65250E-05,7.26455E-05,5.18701E-05,7.45319E-05,5.54719E-05,7.64114E-05,5.88261E-05,7.87081E-05,5.90799E-05,7.88562E-05,0.00000E+00,0.00000E+00,5.51272E-05,7.89441E-05,5.27258E-05,7.81538E-05,0.00000E+00,0.00000E+00,4.77742E-05,7.87898E-05,4.49507E-05,7.83226E-05,0.00000E+00,0.00000E+00,3.99698E-05,8.01480E-05,3.67677E-05,7.97177E-05,3.32576E-05,7.91686E-05,3.27981E-05,8.22881E-05,3.89316E-05,9.49146E-05,4.41812E-05,7.88008E-05,5.56600E-05,8.68069E-05,5.83274E-05,9.16511E-05,0.00000E+00,0.00000E+00,5.76174E-05,9.26169E-05,6.23398E-05,9.43075E-05,5.76589E-05,8.99831E-05,5.69936E-05,8.95700E-05,5.95509E-05,9.25970E-05,5.63818E-05,8.93459E-05,5.63245E-05,8.95066E-05,6.02914E-05,9.32810E-05,5.51836E-05,9.20357E-05,0.00000E+00,0.00000E+00,5.62076E-05,9.08288E-05,5.63927E-05,8.91323E-05,5.11847E-05,8.34068E-05,4.84333E-05,7.05176E-05,5.47023E-05,7.25429E-05,6.07332E-05,7.68404E-05,0.00000E+00,0.00000E+00,6.22062E-05,7.79724E-05,6.01247E-05,7.73382E-05,5.55779E-05,7.60482E-05,5.30954E-05,7.55035E-05,5.24711E-05,7.69712E-05,4.80802E-05,7.57014E-05,4.53540E-05,7.58017E-05,4.45276E-05,7.72209E-05,4.19386E-05,7.79892E-05,0.00000E+00,0.00000E+00,3.67775E-05,7.97954E-05,3.52859E-05,8.13549E-05,4.19745E-05,9.49035E-05,4.77373E-05,7.88182E-05,6.12588E-05,8.87979E-05,6.39911E-05,9.25992E-05,6.21664E-05,9.13316E-05,6.54505E-05,9.23667E-05,6.60041E-05,9.37554E-05,6.11045E-05,8.93490E-05,6.05175E-05,8.88841E-05,6.37795E-05,9.26668E-05,5.98284E-05,8.87741E-05,5.96700E-05,8.85476E-05,6.37572E-05,9.29462E-05,6.26268E-05,9.17230E-05,5.92419E-05,9.11297E-05,6.15327E-05,9.28196E-05,6.18930E-05,9.02277E-05,5.51455E-05,8.34137E-05,5.20957E-05,7.00876E-05,5.94348E-05,7.34838E-05,6.59018E-05,7.73005E-05,6.69464E-05,7.67506E-05,6.43447E-05,7.62549E-05,6.41472E-05,7.73622E-05,5.93442E-05,7.56399E-05,5.68220E-05,7.52579E-05,5.62937E-05,7.72344E-05,5.14290E-05,7.55685E-05,4.84962E-05,7.54731E-05,4.75262E-05,7.73616E-05,4.35680E-05,7.65859E-05,4.19638E-05,7.79035E-05,3.99679E-05,7.99659E-05,3.85397E-05,8.19859E-05,4.55818E-05,9.51939E-05,5.19407E-05,7.88285E-05,6.91849E-05,9.06605E-05,0.00000E+00,0.00000E+00,7.35262E-05,9.37829E-05,7.12472E-05,9.23159E-05,0.00000E+00,0.00000E+00,6.93259E-05,9.18786E-05,6.87140E-05,9.09791E-05,0.00000E+00,0.00000E+00,6.79565E-05,9.12048E-05,6.75701E-05,9.12826E-05,0.00000E+00,0.00000E+00,6.81706E-05,9.18639E-05,6.99298E-05,9.35406E-05,0.00000E+00,0.00000E+00,6.95011E-05,9.15616E-05,5.97704E-05,8.31481E-05,5.64103E-05,7.03286E-05,6.60054E-05,7.51928E-05,0.00000E+00,0.00000E+00,7.12072E-05,7.61421E-05,7.01120E-05,7.60038E-05,0.00000E+00,0.00000E+00,6.58396E-05,7.67461E-05,6.30966E-05,7.59322E-05,0.00000E+00,0.00000E+00,5.71892E-05,7.69573E-05,5.37498E-05,7.55763E-05,0.00000E+00,0.00000E+00,4.75299E-05,7.75205E-05,4.45217E-05,7.69858E-05,0.00000E+00,0.00000E+00,4.27563E-05,8.24324E-05,4.93753E-05,9.48640E-05,5.55499E-05,7.87382E-05,7.08824E-05,8.79405E-05,7.12973E-05,8.93135E-05,7.34840E-05,8.91728E-05,7.15411E-05,8.84435E-05,7.46418E-05,9.08837E-05,7.03681E-05,8.78525E-05,7.00402E-05,8.74962E-05,7.35119E-05,8.95468E-05,6.91749E-05,8.77463E-05,6.85848E-05,8.76813E-05,7.18855E-05,9.01441E-05,6.83710E-05,8.75864E-05,6.97598E-05,8.90204E-05,6.82613E-05,8.93401E-05,7.11518E-05,8.95290E-05,6.36919E-05,8.31397E-05,6.00329E-05,6.99509E-05,6.81201E-05,7.26855E-05,7.42554E-05,7.51588E-05,7.24700E-05,7.44620E-05,7.16383E-05,7.48197E-05,7.25333E-05,7.59814E-05,6.76190E-05,7.46913E-05,6.48775E-05,7.44250E-05,6.42488E-05,7.58753E-05,5.87556E-05,7.47711E-05,5.52427E-05,7.46162E-05,5.37598E-05,7.57657E-05,4.84854E-05,7.54758E-05,4.53334E-05,7.56322E-05,4.49173E-05,7.82251E-05,4.41994E-05,8.18336E-05,5.26351E-05,9.54787E-05,5.95294E-05,7.92752E-05,7.60675E-05,8.85626E-05,7.68773E-05,9.05933E-05,7.87339E-05,9.00804E-05,7.67800E-05,8.86670E-05,8.06670E-05,9.24011E-05,7.57561E-05,8.85213E-05,7.59405E-05,8.76134E-05,8.10664E-05,9.05368E-05,7.49536E-05,8.77042E-05,7.37305E-05,8.82434E-05,7.75987E-05,9.18299E-05,7.30844E-05,8.85438E-05,7.45046E-05,8.94602E-05,7.32625E-05,9.05015E-05,7.60541E-05,9.01352E-05,6.79043E-05,8.29310E-05,6.39186E-05,6.98908E-05,7.25874E-05,7.31777E-05,7.91240E-05,7.60562E-05,7.69603E-05,7.46300E-05,7.60982E-05,7.50803E-05,7.72357E-05,7.68563E-05,7.19455E-05,7.53005E-05,6.90610E-05,7.47729E-05,6.85521E-05,7.65843E-05,6.25714E-05,7.52694E-05,5.87589E-05,7.48029E-05,5.72011E-05,7.69448E-05,5.14236E-05,7.53765E-05,4.80494E-05,7.61991E-05,4.77680E-05,7.89520E-05,4.69893E-05,8.18800E-05,5.59488E-05,9.56411E-05,6.37737E-05,7.91946E-05,8.47334E-05,9.10650E-05,0.00000E+00,0.00000E+00,8.83030E-05,9.29929E-05,8.63512E-05,9.19283E-05,0.00000E+00,0.00000E+00,8.53580E-05,9.09934E-05,8.62364E-05,9.02022E-05,2.13766E-09,3.35610E-05,8.51483E-05,8.97659E-05,8.28361E-05,9.03292E-05,0.00000E+00,0.00000E+00,8.19454E-05,9.13259E-05,8.32263E-05,9.28871E-05,0.00000E+00,0.00000E+00,8.41138E-05,9.15882E-05,7.22881E-05,8.33042E-05,6.81199E-05,7.01664E-05,7.93931E-05,7.51839E-05,0.00000E+00,0.00000E+00,8.43992E-05,7.58581E-05,8.33188E-05,7.59051E-05,0.00000E+00,0.00000E+00,7.88749E-05,7.64967E-05,7.56453E-05,7.59153E-05,2.00128E-09,2.19392E-05,6.85500E-05,7.65291E-05,6.42245E-05,7.56717E-05,0.00000E+00,0.00000E+00,5.62978E-05,7.70231E-05,5.24710E-05,7.68287E-05,0.00000E+00,0.00000E+00,5.11309E-05,8.20845E-05,5.93100E-05,9.49807E-05,6.72576E-05,7.90537E-05,8.56785E-05,8.83574E-05,8.62024E-05,8.95299E-05,8.88057E-05,8.94398E-05,8.67414E-05,8.83714E-05,9.07566E-05,9.06693E-05,8.54742E-05,8.73429E-05,8.53201E-05,8.75657E-05,9.02586E-05,8.91249E-05,8.40171E-05,8.70810E-05,8.25882E-05,8.79280E-05,8.64374E-05,9.01769E-05,8.18349E-05,8.82885E-05,8.33744E-05,8.94532E-05,8.15666E-05,8.94275E-05,8.48744E-05,