seed = -727065680;
pop = 58500;
Inactive_Cycles = 1525;
Active_Cycles = 950;
Total_CPU_Time = 2.52604E+05;
Total_Transport_Time = 3.28040E+03;
Time_Per_Integration = 2.04472E-09;
Clock_Time = 3.33425E+03;
keff_keff = [ 1.07786E+00,3.48309E-05];
fissionRate_fissionRate = reshape([ 6.77417E-05,1.66304E-04,6.68285E-05,1.63640E-04,6.63483E-05,1.64252E-04,6.62447E-05,1.64485E-04,6.62879E-05,1.64422E-04,6.63780E-05,1.63717E-04,6.59085E-05,1.64206E-04,6.55936E-05,1.64078E-04,6.53742E-05,1.63357E-04,6.47586E-05,1.63543E-04,6.44025E-05,1.64281E-04,6.42660E-05,1.62950E-04,6.36500E-05,1.63792E-04,6.31484E-05,1.62232E-04,6.32553E-05,1.62143E-04,6.48804E-05,1.61016E-04,7.04669E-05,1.56787E-04,6.18953E-05,1.43739E-04,6.56221E-05,1.41912E-04,6.67987E-05,1.40394E-04,6.68600E-05,1.40922E-04,6.60397E-05,1.40820E-04,6.47168E-05,1.39602E-04,6.22515E-05,1.39878E-04,5.97552E-05,1.39969E-04,5.72799E-05,1.39358E-04,5.39898E-05,1.39357E-04,5.07054E-05,1.40118E-04,4.75433E-05,1.38595E-04,4.38030E-05,1.39070E-04,4.02111E-05,1.38676E-04,3.72424E-05,1.39293E-04,3.58321E-05,1.39766E-04,3.86452E-05,1.45279E-04,4.61039E-05,1.30477E-04,5.80227E-05,1.44203E-04,5.68756E-05,1.43922E-04,5.71817E-05,1.44203E-04,5.81091E-05,1.45753E-04,6.05442E-05,1.46679E-04,5.74436E-05,1.45812E-04,5.70653E-05,1.45648E-04,5.92809E-05,1.45636E-04,5.64014E-05,1.45981E-04,5.61448E-05,1.45068E-04,5.85863E-05,1.46005E-04,5.57479E-05,1.44911E-04,5.46457E-05,1.43397E-04,5.45724E-05,1.43075E-04,5.77809E-05,1.43922E-04,5.14294E-05,1.31185E-04,4.81241E-05,1.16594E-04,5.26725E-05,1.17661E-04,5.47901E-05,1.18668E-04,5.58175E-05,1.18406E-04,5.59347E-05,1.19598E-04,5.66133E-05,1.20837E-04,5.28713E-05,1.19951E-04,5.07149E-05,1.19428E-04,5.00123E-05,1.20460E-04,4.58056E-05,1.19659E-04,4.30431E-05,1.19387E-04,4.16958E-05,1.20965E-04,3.74311E-05,1.20175E-04,3.42201E-05,1.18821E-04,3.16860E-05,1.19498E-04,3.12263E-05,1.23569E-04,3.58602E-05,1.39583E-04,4.20348E-05,1.16860E-04,5.22045E-05,1.27932E-04,5.20948E-05,1.29486E-04,5.52985E-05,1.35024E-04,5.56665E-05,1.35854E-04,0.00000E+00,0.00000E+00,5.31721E-05,1.33631E-04,5.25549E-05,1.33034E-04,0.00000E+00,0.00000E+00,5.20253E-05,1.32743E-04,5.18674E-05,1.33593E-04,0.00000E+00,0.00000E+00,5.34278E-05,1.35651E-04,5.27887E-05,1.33843E-04,5.01595E-05,1.29325E-04,5.26276E-05,1.30244E-04,4.82852E-05,1.23283E-04,4.58784E-05,1.06561E-04,5.11211E-05,1.09071E-04,5.46861E-05,1.12413E-04,5.81439E-05,1.16041E-04,5.82348E-05,1.16455E-04,0.00000E+00,0.00000E+00,5.43323E-05,1.16321E-04,5.19585E-05,1.15076E-04,0.00000E+00,0.00000E+00,4.70353E-05,1.16310E-04,4.42308E-05,1.14509E-04,0.00000E+00,0.00000E+00,3.91852E-05,1.17776E-04,3.59909E-05,1.17315E-04,3.23395E-05,1.16012E-04,3.16912E-05,1.19986E-04,3.72524E-05,1.38473E-04,4.38191E-05,1.14452E-04,5.50475E-05,1.25768E-04,5.78935E-05,1.31651E-04,0.00000E+00,0.00000E+00,5.71294E-05,1.34036E-04,6.17866E-05,1.36028E-04,5.69092E-05,1.30022E-04,5.62365E-05,1.29369E-04,5.90114E-05,1.33608E-04,5.56181E-05,1.28624E-04,5.55675E-05,1.29372E-04,5.96854E-05,1.34818E-04,5.46491E-05,1.32839E-04,0.00000E+00,0.00000E+00,5.56220E-05,1.31393E-04,5.55507E-05,1.28338E-04,5.05369E-05,1.20955E-04,4.80021E-05,1.04718E-04,5.42565E-05,1.07973E-04,6.03712E-05,1.13265E-04,0.00000E+00,0.00000E+00,6.15808E-05,1.14642E-04,5.96525E-05,1.14086E-04,5.48570E-05,1.11971E-04,5.24243E-05,1.11482E-04,5.19208E-05,1.13485E-04,4.73802E-05,1.11326E-04,4.46616E-05,1.11580E-04,4.39641E-05,1.13994E-04,4.12839E-05,1.14966E-04,0.00000E+00,0.00000E+00,3.60086E-05,1.17218E-04,3.41943E-05,1.19359E-04,4.02134E-05,1.39194E-04,4.75182E-05,1.15011E-04,6.08186E-05,1.28196E-04,6.37543E-05,1.34917E-04,6.18610E-05,1.32753E-04,6.48406E-05,1.33650E-04,6.56917E-05,1.35605E-04,6.05319E-05,1.28797E-04,5.99867E-05,1.28417E-04,6.35232E-05,1.34086E-04,5.93008E-05,1.28182E-04,5.90884E-05,1.28801E-04,6.33587E-05,1.34791E-04,6.20426E-05,1.32475E-04,5.88420E-05,1.31811E-04,6.10970E-05,1.33607E-04,6.12179E-05,1.30345E-04,5.46101E-05,1.21493E-04,5.17983E-05,1.03703E-04,5.90606E-05,1.08664E-04,6.56162E-05,1.13691E-04,6.65718E-05,1.12926E-04,6.37484E-05,1.12433E-04,6.36929E-05,1.14575E-04,5.87806E-05,1.11473E-04,5.62138E-05,1.11007E-04,5.58696E-05,1.13748E-04,5.08506E-05,1.11676E-04,4.78496E-05,1.10528E-04,4.70052E-05,1.14009E-04,4.28536E-05,1.13234E-04,4.12769E-05,1.14856E-04,3.91942E-05,1.17399E-04,3.74434E-05,1.19846E-04,4.37998E-05,1.39993E-04,5.17960E-05,1.15155E-04,6.90434E-05,1.31558E-04,0.00000E+00,0.00000E+00,7.33881E-05,1.35754E-04,7.10705E-05,1.33627E-04,0.00000E+00,0.00000E+00,6.91603E-05,1.33108E-04,6.85436E-05,1.32040E-04,0.00000E+00,0.00000E+00,6.77698E-05,1.32430E-04,6.74161E-05,1.31939E-04,0.00000E+00,0.00000E+00,6.78931E-05,1.32309E-04,6.96485E-05,1.35233E-04,0.00000E+00,0.00000E+00,6.90832E-05,1.32624E-04,5.93657E-05,1.20336E-04,5.62684E-05,1.04063E-04,6.59222E-05,1.11353E-04,0.00000E+00,0.00000E+00,7.10792E-05,1.11964E-04,6.98486E-05,1.12571E-04,0.00000E+00,0.00000E+00,6.56073E-05,1.13085E-04,6.27305E-05,1.12589E-04,0.00000E+00,0.00000E+00,5.68469E-05,1.13301E-04,5.33431E-05,1.11984E-04,0.00000E+00,0.00000E+00,4.70378E-05,1.13965E-04,4.39490E-05,1.13538E-04,0.00000E+00,0.00000E+00,4.17460E-05,1.20680E-04,4.75547E-05,1.39193E-04,5.55286E-05,1.14801E-04,7.06324E-05,1.27106E-04,7.12853E-05,1.29252E-04,7.32056E-05,1.28672E-04,7.12736E-05,1.27721E-04,7.46491E-05,1.30812E-04,7.00947E-05,1.26931E-04,6.97366E-05,1.26697E-04,7.34322E-05,1.30066E-04,6.88672E-05,1.26715E-04,6.82148E-05,1.26601E-04,7.18281E-05,1.30186E-04,6.79175E-05,1.26991E-04,6.92772E-05,1.28750E-04,6.81199E-05,1.29296E-04,7.06198E-05,1.29708E-04,6.33293E-05,1.21186E-04,5.98914E-05,1.03867E-04,6.79918E-05,1.07372E-04,7.42054E-05,1.10568E-04,7.20971E-05,1.09451E-04,7.12343E-05,1.10279E-04,7.23154E-05,1.12129E-04,6.71709E-05,1.10304E-04,6.44410E-05,1.09889E-04,6.40047E-05,1.11388E-04,5.82336E-05,1.10008E-04,5.47017E-05,1.09714E-04,5.33523E-05,1.12361E-04,4.78761E-05,1.11052E-04,4.46231E-05,1.11082E-04,4.41808E-05,1.14866E-04,4.30550E-05,1.19249E-04,5.07077E-05,1.39587E-04,5.95605E-05,1.14679E-04,7.58645E-05,1.27701E-04,7.70643E-05,1.31917E-04,7.84971E-05,1.30105E-04,7.65814E-05,1.28606E-04,8.08448E-05,1.34133E-04,7.55467E-05,1.28080E-04,7.57129E-05,1.27212E-04,8.11168E-05,1.31889E-04,7.46899E-05,1.26996E-04,7.34722E-05,1.27360E-04,7.75777E-05,1.33226E-04,7.27733E-05,1.28015E-04,7.40630E-05,1.29204E-04,7.32307E-05,1.31047E-04,7.56199E-05,1.30170E-04,6.76178E-05,1.20938E-04,6.38373E-05,1.03648E-04,7.24821E-05,1.07596E-04,7.91801E-05,1.11833E-04,7.66725E-05,1.09787E-04,7.58060E-05,1.10188E-04,7.71084E-05,1.13301E-04,7.15690E-05,1.10565E-04,6.86768E-05,1.09933E-04,6.83625E-05,1.13617E-04,6.20325E-05,1.10823E-04,5.82329E-05,1.10345E-04,5.68087E-05,1.13099E-04,5.08286E-05,1.11261E-04,4.73776E-05,1.11611E-04,4.70766E-05,1.16050E-04,4.57781E-05,1.19114E-04,5.40001E-05,1.39276E-04,6.39026E-05,1.14899E-04,8.49456E-05,1.31550E-04,0.00000E+00,0.00000E+00,8.84976E-05,1.35180E-04,8.64878E-05,1.32433E-04,0.00000E+00,0.00000E+00,8.55834E-05,1.32278E-04,8.65019E-05,1.29966E-04,2.14859E-09,6.16351E-05,8.53454E-05,1.30210E-04,8.29998E-05,1.31641E-04,0.00000E+00,0.00000E+00,8.19894E-05,1.32350E-04,8.30850E-05,1.34080E-04,0.00000E+00,0.00000E+00,8.39345E-05,1.32099E-04,7.21466E-05,1.20866E-04,6.81859E-05,1.03641E-04,7.95822E-05,1.10922E-04,0.00000E+00,0.00000E+00,8.45453E-05,1.12033E-04,8.34563E-05,1.11843E-04,0.00000E+00,0.00000E+00,7.87839E-05,1.12894E-04,7.55067E-05,1.12056E-04,2.00406E-09,4.53096E-05,6.83353E-05,1.13426E-04,6.39697E-05,1.11673E-04,0.00000E+00,0.00000E+00,5.58973E-05,1.13569E-04,5.19246E-05,1.12936E-04,0.00000E+00,0.00000E+00,5.00629E-05,1.20634E-04,5.71902E-05,1.39334E-04,6.74331E-05,1.15002E-04,8.57631E-05,1.27513E-04,8.66068E-05,1.29544E-04,8.87685E-05,1.28982E-04,8.67134E-05,1.27374E-04,9.10643E-05,1.30961E-04,8.54497E-05,1.26613E-04,8.52585E-05,1.26366E-04,9.05451E-05,1.29563E-04,8.38287E-05,1.26486E-04,8.24582E-05,1.26453E-04,8.65534E-05,1.31062E-04,8.16039E-05,1.26782E-04,8.30925E-05,1.29015E-04,8.16075E-05,1.29133E-04,8.44557E-05,