seed = 847175506;
pop = 1750;
Inactive_Cycles = 1000;
Active_Cycles = 2600;
Total_CPU_Time = 4.17113E+03;
Total_Transport_Time = 3.97730E+02;
Time_Per_Integration = 6.87164E-09;
Clock_Time = 4.16647E+02;
keff_keff = [ 1.18665E+00,1.48782E-04];
fissionRate_fissionRate = reshape([ 9.17130E-05,5.12241E-04,9.02607E-05,5.10565E-04,8.91619E-05,5.06652E-04,8.92170E-05,5.04797E-04,8.91669E-05,7.08066E-04,8.95290E-05,5.09359E-04,8.83319E-05,5.07599E-04,8.73116E-05,5.02601E-04,8.70862E-05,4.96002E-04,8.58642E-05,5.01496E-04,8.48220E-05,5.00648E-04,8.40090E-05,5.01769E-04,8.28066E-05,4.99837E-04,8.12367E-05,5.05048E-04,8.03508E-05,5.04388E-04,8.11862E-05,2.58033E-03,8.78134E-05,4.91148E-04,7.66304E-05,4.53003E-04,8.02186E-05,4.44406E-04,8.12563E-05,4.40700E-04,8.07196E-05,4.39157E-04,7.88582E-05,5.39617E-04,7.68231E-05,4.37864E-04,7.36297E-05,4.38552E-04,7.03473E-05,5.33562E-04,6.68788E-05,4.73873E-04,6.27508E-05,4.38056E-04,5.85321E-05,4.38722E-04,5.47820E-05,4.35690E-04,5.01635E-05,4.36652E-04,4.59200E-05,4.38123E-04,4.23021E-05,4.37136E-04,4.06451E-05,4.52252E-04,4.39029E-05,4.59007E-04,6.23799E-05,4.11228E-04,7.87666E-05,4.53035E-04,7.74675E-05,4.49848E-04,7.83216E-05,4.46011E-04,7.99294E-05,4.49409E-04,8.38370E-05,4.50573E-04,7.87042E-05,4.46771E-04,7.75878E-05,4.46798E-04,8.08480E-05,4.53557E-04,7.57309E-05,4.50619E-04,7.51347E-05,4.50466E-04,7.89581E-05,4.46663E-04,7.38592E-05,4.46974E-04,7.13678E-05,4.47375E-04,7.02427E-05,4.49361E-04,7.32310E-05,4.53941E-04,6.44549E-05,4.15224E-04,5.94301E-05,3.65316E-04,6.47110E-05,3.68394E-04,6.68828E-05,3.70866E-04,6.75573E-05,3.73777E-04,6.73445E-05,3.77759E-04,6.74230E-05,3.83796E-04,6.24782E-05,3.77662E-04,5.95752E-05,3.79357E-04,5.84549E-05,3.85612E-04,5.31211E-05,3.78999E-04,4.98900E-05,3.77133E-04,4.81434E-05,3.84432E-04,4.28476E-05,3.80468E-04,3.91415E-05,3.78508E-04,3.60400E-05,3.80997E-04,3.54669E-05,3.91618E-04,4.07739E-05,4.39853E-04,5.73057E-05,3.70333E-04,7.13565E-05,4.01110E-04,7.22032E-05,4.03305E-04,7.76053E-05,4.17514E-04,7.87157E-05,4.19059E-04,0.00000E+00,0.00000E+00,7.40936E-05,4.15026E-04,7.28207E-05,4.08753E-04,0.00000E+00,0.00000E+00,7.14529E-05,4.13692E-04,7.09809E-05,4.10914E-04,0.00000E+00,0.00000E+00,7.22621E-05,4.20304E-04,7.06474E-05,4.15100E-04,6.57645E-05,4.03463E-04,6.69880E-05,4.08309E-04,6.09819E-05,3.88678E-04,5.69680E-05,3.37009E-04,6.31638E-05,3.45006E-04,6.70392E-05,3.57811E-04,7.05571E-05,3.69082E-04,7.03670E-05,3.64577E-04,0.00000E+00,0.00000E+00,6.46717E-05,3.71210E-04,6.12131E-05,3.63738E-04,0.00000E+00,0.00000E+00,5.48699E-05,3.71742E-04,5.13259E-05,3.65938E-04,0.00000E+00,0.00000E+00,4.50706E-05,3.75761E-04,4.12031E-05,3.76353E-04,3.68443E-05,3.72750E-04,3.59746E-05,3.82623E-04,4.24516E-05,4.37676E-04,6.03025E-05,3.62152E-04,7.61985E-05,3.96691E-04,8.17669E-05,4.11816E-04,0.00000E+00,0.00000E+00,8.12592E-05,4.09676E-04,8.80049E-05,4.17278E-04,7.94658E-05,4.01419E-04,7.82568E-05,3.98245E-04,8.21224E-05,4.13974E-04,7.65307E-05,4.00479E-04,7.60358E-05,3.99571E-04,8.19287E-05,4.15909E-04,7.46973E-05,4.11656E-04,0.00000E+00,0.00000E+00,7.44616E-05,4.04341E-04,7.19996E-05,4.03125E-04,6.37387E-05,3.84172E-04,5.98344E-05,3.28943E-04,6.72259E-05,3.41355E-04,7.42890E-05,3.59416E-04,0.00000E+00,0.00000E+00,7.49482E-05,3.65166E-04,7.16838E-05,3.61625E-04,6.56046E-05,3.54242E-04,6.22198E-05,3.55027E-04,6.11368E-05,3.59864E-04,5.54246E-05,3.54516E-04,5.19914E-05,3.54058E-04,5.10611E-05,3.61030E-04,4.76665E-05,3.66729E-04,0.00000E+00,0.00000E+00,4.13183E-05,3.74356E-04,3.90061E-05,3.83537E-04,4.58776E-05,4.39916E-04,6.59658E-05,3.63576E-04,8.56607E-05,4.01154E-04,9.17717E-05,4.17140E-04,8.86744E-05,4.09792E-04,9.24658E-05,4.07994E-04,9.37240E-05,4.17297E-04,8.50327E-05,4.00246E-04,8.39053E-05,3.97866E-04,8.96319E-05,4.14490E-04,8.25846E-05,3.99195E-04,8.15689E-05,3.99733E-04,8.82641E-05,4.19298E-04,8.51526E-05,4.09974E-04,8.06537E-05,4.06262E-04,8.26013E-05,4.14182E-04,8.02053E-05,4.08874E-04,6.95950E-05,3.80276E-04,6.51461E-05,3.28655E-04,7.37177E-05,3.44192E-04,8.15524E-05,3.58426E-04,8.20530E-05,3.60614E-04,7.76996E-05,3.55384E-04,7.72509E-05,3.60596E-04,7.04132E-05,3.55074E-04,6.73225E-05,3.52110E-04,6.61893E-05,3.63805E-04,5.98193E-05,3.54289E-04,5.61100E-05,3.50980E-04,5.49113E-05,3.62908E-04,4.97002E-05,3.58705E-04,4.76881E-05,3.66584E-04,4.49595E-05,3.76323E-04,4.31297E-05,3.80209E-04,5.03745E-05,4.38456E-04,7.33325E-05,3.62118E-04,9.90531E-05,4.08723E-04,0.00000E+00,0.00000E+00,1.06184E-04,4.20183E-04,1.02521E-04,4.13570E-04,0.00000E+00,0.00000E+00,9.86199E-05,4.11396E-04,9.75406E-05,4.07444E-04,0.00000E+00,0.00000E+00,9.55664E-05,4.08245E-04,9.43449E-05,4.06538E-04,0.00000E+00,0.00000E+00,9.38914E-05,4.10443E-04,9.57026E-05,4.18624E-04,0.00000E+00,0.00000E+00,9.19782E-05,4.15859E-04,7.59976E-05,3.82576E-04,7.15233E-05,3.27019E-04,8.26846E-05,3.52235E-04,0.00000E+00,0.00000E+00,8.79701E-05,3.53011E-04,8.59527E-05,3.55247E-04,0.00000E+00,0.00000E+00,7.91698E-05,3.59999E-04,7.54201E-05,3.53849E-04,0.00000E+00,0.00000E+00,6.71410E-05,3.61996E-04,6.26647E-05,3.54953E-04,0.00000E+00,0.00000E+00,5.46421E-05,3.67812E-04,5.09267E-05,3.62381E-04,0.00000E+00,0.00000E+00,4.82411E-05,3.87852E-04,5.49951E-05,4.34677E-04,7.96463E-05,3.58147E-04,1.02112E-04,3.97429E-04,1.04579E-04,3.97875E-04,1.06046E-04,4.01616E-04,1.02829E-04,3.95321E-04,1.07931E-04,4.04627E-04,1.00145E-04,3.93490E-04,9.87204E-05,3.90420E-04,1.04240E-04,3.99283E-04,9.65742E-05,3.93018E-04,9.53490E-05,3.88792E-04,1.00762E-04,4.03681E-04,9.36199E-05,3.94595E-04,9.49387E-05,4.00052E-04,9.29185E-05,3.98372E-04,9.37651E-05,4.02780E-04,8.24224E-05,3.80326E-04,7.68612E-05,3.26037E-04,8.62851E-05,3.37686E-04,9.33490E-05,3.50730E-04,8.96719E-05,3.45866E-04,8.82795E-05,3.49654E-04,8.86872E-05,3.54355E-04,8.20266E-05,3.50007E-04,7.76389E-05,3.51074E-04,7.67800E-05,3.54323E-04,6.91376E-05,3.49972E-04,6.46013E-05,3.48621E-04,6.27323E-05,3.54883E-04,5.61942E-05,3.55129E-04,5.20865E-05,3.55896E-04,5.14159E-05,3.66411E-04,4.99586E-05,3.81152E-04,5.86172E-05,5.02257E-04,8.64611E-05,3.58384E-04,1.11350E-04,4.00653E-04,1.14043E-04,4.07699E-04,1.15009E-04,4.02935E-04,1.11834E-04,3.95780E-04,1.18869E-04,4.14094E-04,1.09234E-04,3.95234E-04,1.07687E-04,3.97623E-04,1.14471E-04,4.10451E-04,1.05310E-04,3.95702E-04,1.03760E-04,3.96397E-04,1.10287E-04,4.13427E-04,1.01673E-04,3.95445E-04,1.02842E-04,3.98699E-04,1.01161E-04,4.08429E-04,1.01732E-04,4.04712E-04,8.91147E-05,3.82664E-04,8.24392E-05,3.25279E-04,9.30618E-05,3.37873E-04,1.00388E-04,3.54459E-04,9.66656E-05,3.46436E-04,9.45417E-05,3.49570E-04,9.49627E-05,3.59990E-04,8.77460E-05,3.52290E-04,8.34284E-05,3.48604E-04,8.22492E-05,3.60328E-04,7.43154E-05,3.50250E-04,6.96217E-05,3.50040E-04,6.72407E-05,3.61505E-04,5.97573E-05,3.54581E-04,5.56506E-05,3.53297E-04,5.50109E-05,3.68164E-04,5.35356E-05,3.81307E-04,6.26985E-05,4.41658E-04,9.41382E-05,3.57890E-04,1.26662E-04,4.08384E-04,0.00000E+00,0.00000E+00,1.32530E-04,4.17383E-04,1.28775E-04,4.09714E-04,0.00000E+00,0.00000E+00,1.26389E-04,4.06858E-04,1.24011E-04,4.05118E-04,3.05992E-09,1.47070E-04,1.20907E-04,4.07595E-04,1.19157E-04,4.06425E-04,0.00000E+00,0.00000E+00,1.16836E-04,4.09643E-04,1.17841E-04,4.15381E-04,0.00000E+00,0.00000E+00,1.15594E-04,4.12451E-04,9.60512E-05,3.81766E-04,8.90514E-05,3.25055E-04,1.02952E-04,3.49219E-04,0.00000E+00,0.00000E+00,1.07341E-04,3.51980E-04,1.05540E-04,3.56972E-04,0.00000E+00,0.00000E+00,9.68963E-05,3.56962E-04,9.22677E-05,3.56340E-04,2.43666E-09,1.01614E-04,8.23698E-05,3.60686E-04,7.67327E-05,3.59654E-04,0.00000E+00,0.00000E+00,6.63470E-05,3.61940E-04,6.13074E-05,3.59360E-04,0.00000E+00,0.00000E+00,5.85966E-05,3.82055E-04,6.69279E-05,4.36828E-04,1.00216E-04,3.60429E-04,1.28925E-04,3.92550E-04,1.31810E-04,3.98096E-04,1.33512E-04,3.99819E-04,1.30379E-04,3.90916E-04,1.36984E-04,4.05663E-04,1.26429E-04,3.94700E-04,1.24379E-04,3.91258E-04,1.31144E-04,4.02568E-04,1.21018E-04,3.91309E-04,1.19743E-04,3.91719E-04,1.25355E-04,4.03794E-04,1.17020E-04,3.90234E-04,1.17788E-04,3.98069E-04,1.15252E-04,3.97866E-04,1.16665E-04,