seed = 832023468;
pop = 1750;
Inactive_Cycles = 1000;
Active_Cycles = 2600;
Total_CPU_Time = 1.74886E+03;
Total_Transport_Time = 1.76102E+02;
Time_Per_Integration = 3.04234E-09;
Clock_Time = 1.84739E+02;
keff_keff = [ 1.18686E+00,1.50086E-04];
fissionRate_fissionRate = reshape([ 9.05727E-05,5.08668E-04,8.93892E-05,5.01794E-04,8.91295E-05,5.06543E-04,8.88825E-05,5.05447E-04,8.88581E-05,5.01497E-04,8.87407E-05,4.99792E-04,8.79692E-05,5.04007E-04,8.68612E-05,5.04657E-04,8.70265E-05,5.01922E-04,8.55762E-05,4.98957E-04,8.45327E-05,5.01335E-04,8.34790E-05,5.01861E-04,8.19919E-05,5.00580E-04,8.05165E-05,5.00217E-04,7.97396E-05,5.00855E-04,8.11221E-05,5.01195E-04,8.75102E-05,4.91867E-04,7.60727E-05,4.46933E-04,8.03148E-05,4.40897E-04,8.11648E-05,4.37473E-04,8.02331E-05,4.36723E-04,7.89593E-05,4.35430E-04,7.65507E-05,4.39328E-04,7.35276E-05,4.34880E-04,6.98314E-05,4.38868E-04,6.69603E-05,4.36753E-04,6.26527E-05,4.36002E-04,5.85567E-05,4.38905E-04,5.45901E-05,4.38622E-04,4.98143E-05,4.39515E-04,4.58536E-05,4.38213E-04,4.24101E-05,4.37870E-04,4.05359E-05,4.37365E-04,4.38310E-05,4.57902E-04,6.21215E-05,4.06993E-04,7.80965E-05,4.50115E-04,7.69144E-05,4.47117E-04,7.77398E-05,4.45257E-04,7.95125E-05,4.49592E-04,8.31627E-05,4.52985E-04,7.80400E-05,4.48296E-04,7.70336E-05,4.47593E-04,8.07279E-05,4.47782E-04,7.55341E-05,4.52476E-04,7.46841E-05,4.53102E-04,7.85806E-05,4.50734E-04,7.30007E-05,4.46054E-04,7.04227E-05,4.48603E-04,6.93608E-05,4.49606E-04,7.25463E-05,4.49099E-04,6.38924E-05,4.15661E-04,5.94564E-05,3.67057E-04,6.46692E-05,3.69358E-04,6.65920E-05,3.72635E-04,6.75561E-05,3.74353E-04,6.73762E-05,3.77264E-04,6.76217E-05,3.82939E-04,6.25809E-05,3.79912E-04,5.94345E-05,3.82252E-04,5.85698E-05,3.84563E-04,5.32870E-05,3.77503E-04,4.96606E-05,3.80435E-04,4.78249E-05,3.86150E-04,4.28493E-05,3.81329E-04,3.91599E-05,3.80749E-04,3.61674E-05,3.80896E-04,3.55131E-05,3.94623E-04,4.06266E-05,4.43953E-04,5.71243E-05,3.70209E-04,7.11051E-05,4.02945E-04,7.19348E-05,4.05042E-04,7.72947E-05,4.19790E-04,7.80147E-05,4.18156E-04,0.00000E+00,0.00000E+00,7.36404E-05,4.12213E-04,7.25194E-05,4.14501E-04,0.00000E+00,0.00000E+00,7.12083E-05,4.12228E-04,7.06236E-05,4.10324E-04,0.00000E+00,0.00000E+00,7.19188E-05,4.19641E-04,7.00891E-05,4.21789E-04,6.51209E-05,4.06291E-04,6.67689E-05,4.12293E-04,6.00611E-05,3.90743E-04,5.66953E-05,3.37119E-04,6.29382E-05,3.47569E-04,6.68561E-05,3.52985E-04,7.05026E-05,3.69786E-04,7.01669E-05,3.66329E-04,0.00000E+00,0.00000E+00,6.46257E-05,3.68924E-04,6.12507E-05,3.67298E-04,0.00000E+00,0.00000E+00,5.48695E-05,3.73412E-04,5.11874E-05,3.66274E-04,0.00000E+00,0.00000E+00,4.50097E-05,3.78046E-04,4.12844E-05,3.76003E-04,3.68880E-05,3.69019E-04,3.59336E-05,3.79743E-04,4.21772E-05,4.40046E-04,6.02098E-05,3.64906E-04,7.62488E-05,3.93273E-04,8.16765E-05,4.10731E-04,0.00000E+00,0.00000E+00,8.14000E-05,4.14934E-04,8.71985E-05,4.19290E-04,7.89113E-05,4.04231E-04,7.75570E-05,4.00932E-04,8.12062E-05,4.15039E-04,7.60609E-05,3.99799E-04,7.53547E-05,4.04650E-04,8.15289E-05,4.18982E-04,7.45302E-05,4.09088E-04,0.00000E+00,0.00000E+00,7.38795E-05,4.11522E-04,7.16694E-05,4.03952E-04,6.35061E-05,3.85685E-04,5.95988E-05,3.28629E-04,6.68590E-05,3.42962E-04,7.42365E-05,3.57895E-04,0.00000E+00,0.00000E+00,7.46052E-05,3.66062E-04,7.18006E-05,3.61504E-04,6.55982E-05,3.54063E-04,6.23483E-05,3.50502E-04,6.11682E-05,3.63299E-04,5.52545E-05,3.58988E-04,5.19186E-05,3.55181E-04,5.08641E-05,3.61775E-04,4.75441E-05,3.64663E-04,0.00000E+00,0.00000E+00,4.09832E-05,3.75572E-04,3.91093E-05,3.80609E-04,4.57357E-05,4.38459E-04,6.60300E-05,3.63064E-04,8.53763E-05,4.02098E-04,9.12821E-05,4.15463E-04,8.84300E-05,4.08264E-04,9.19133E-05,4.10873E-04,9.37745E-05,4.17655E-04,8.49821E-05,4.00967E-04,8.35800E-05,4.00952E-04,8.91799E-05,4.15313E-04,8.17540E-05,3.95602E-04,8.13299E-05,4.00728E-04,8.71851E-05,4.20488E-04,8.43821E-05,4.12817E-04,8.04357E-05,4.07805E-04,8.24028E-05,4.18724E-04,8.00627E-05,4.07635E-04,6.97012E-05,3.83362E-04,6.47891E-05,3.28042E-04,7.35464E-05,3.40609E-04,8.11436E-05,3.59885E-04,8.18190E-05,3.61467E-04,7.77337E-05,3.57383E-04,7.72625E-05,3.64961E-04,7.05979E-05,3.53904E-04,6.70800E-05,3.52260E-04,6.59909E-05,3.64223E-04,5.98926E-05,3.59088E-04,5.60118E-05,3.54970E-04,5.47109E-05,3.67526E-04,4.95976E-05,3.61173E-04,4.74441E-05,3.64540E-04,4.50141E-05,3.75198E-04,4.28330E-05,3.80898E-04,5.00132E-05,4.41373E-04,7.31392E-05,3.61457E-04,9.87019E-05,4.08843E-04,0.00000E+00,0.00000E+00,1.05741E-04,4.20824E-04,1.02091E-04,4.13252E-04,0.00000E+00,0.00000E+00,9.82437E-05,4.12626E-04,9.73447E-05,4.09357E-04,0.00000E+00,0.00000E+00,9.50139E-05,4.08855E-04,9.39259E-05,4.08983E-04,0.00000E+00,0.00000E+00,9.38119E-05,4.12221E-04,9.50523E-05,4.16128E-04,0.00000E+00,0.00000E+00,9.15226E-05,4.17803E-04,7.60089E-05,3.82220E-04,7.10749E-05,3.27093E-04,8.26463E-05,3.50980E-04,0.00000E+00,0.00000E+00,8.75701E-05,3.57809E-04,8.57521E-05,3.58755E-04,0.00000E+00,0.00000E+00,7.93316E-05,3.60243E-04,7.52976E-05,3.54800E-04,0.00000E+00,0.00000E+00,6.72133E-05,3.62100E-04,6.24291E-05,3.61247E-04,0.00000E+00,0.00000E+00,5.48673E-05,3.68955E-04,5.07960E-05,3.64653E-04,0.00000E+00,0.00000E+00,4.80395E-05,3.85007E-04,5.45549E-05,4.38989E-04,7.89960E-05,3.60347E-04,1.01622E-04,3.96916E-04,1.03559E-04,4.01484E-04,1.05478E-04,4.01770E-04,1.02093E-04,3.96421E-04,1.07455E-04,4.07453E-04,9.97644E-05,3.93405E-04,9.87979E-05,3.93511E-04,1.03971E-04,4.05058E-04,9.62078E-05,3.91805E-04,9.49411E-05,3.92041E-04,1.00464E-04,4.04142E-04,9.40001E-05,3.94253E-04,9.43089E-05,4.00868E-04,9.28176E-05,4.04089E-04,9.37908E-05,4.05731E-04,8.17906E-05,3.81391E-04,7.64771E-05,3.25640E-04,8.60313E-05,3.38249E-04,9.29609E-05,3.51746E-04,8.97375E-05,3.47846E-04,8.79609E-05,3.48930E-04,8.85363E-05,3.53952E-04,8.18838E-05,3.50731E-04,7.76966E-05,3.49432E-04,7.65350E-05,3.59937E-04,6.94195E-05,3.50628E-04,6.45898E-05,3.52249E-04,6.26611E-05,3.56989E-04,5.59693E-05,3.55873E-04,5.20546E-05,3.57081E-04,5.13310E-05,3.63929E-04,4.98814E-05,3.81143E-04,5.86097E-05,4.38412E-04,8.64361E-05,3.60929E-04,1.10670E-04,3.98467E-04,1.14185E-04,4.09607E-04,1.14229E-04,4.02455E-04,1.11439E-04,4.00448E-04,1.17741E-04,4.13806E-04,1.08952E-04,3.96926E-04,1.07665E-04,3.95030E-04,1.14465E-04,4.14471E-04,1.05319E-04,3.93494E-04,1.03215E-04,3.95047E-04,1.10407E-04,4.13208E-04,1.00827E-04,3.99167E-04,1.02319E-04,4.03511E-04,1.00699E-04,4.08237E-04,1.01324E-04,4.06947E-04,8.84030E-05,3.82593E-04,8.25809E-05,3.26543E-04,9.28106E-05,3.38793E-04,1.00817E-04,3.54969E-04,9.65465E-05,3.49375E-04,9.42004E-05,3.48440E-04,9.51526E-05,3.60555E-04,8.77757E-05,3.50900E-04,8.32204E-05,3.50677E-04,8.20780E-05,3.62888E-04,7.45354E-05,3.55097E-04,6.94435E-05,3.49727E-04,6.70588E-05,3.61613E-04,5.98281E-05,3.54226E-04,5.56283E-05,3.56005E-04,5.48725E-05,3.71240E-04,5.32654E-05,3.81020E-04,6.25769E-05,4.38159E-04,9.37998E-05,3.65707E-04,1.27113E-04,4.09260E-04,0.00000E+00,0.00000E+00,1.32413E-04,4.19313E-04,1.28176E-04,4.11553E-04,0.00000E+00,0.00000E+00,1.25842E-04,4.10074E-04,1.24402E-04,4.10239E-04,3.06988E-09,1.49225E-04,1.21182E-04,4.11949E-04,1.18974E-04,4.08523E-04,0.00000E+00,0.00000E+00,1.16432E-04,4.12012E-04,1.17141E-04,4.16449E-04,0.00000E+00,0.00000E+00,1.14834E-04,4.14004E-04,9.54883E-05,3.81080E-04,8.87964E-05,3.25935E-04,1.02870E-04,3.48664E-04,0.00000E+00,0.00000E+00,1.07303E-04,3.56581E-04,1.05108E-04,3.55427E-04,0.00000E+00,0.00000E+00,9.72486E-05,3.58353E-04,9.22088E-05,3.56544E-04,2.42680E-09,1.00437E-04,8.19722E-05,3.61184E-04,7.65518E-05,3.56263E-04,0.00000E+00,0.00000E+00,6.58986E-05,3.63343E-04,6.09758E-05,3.62998E-04,0.00000E+00,0.00000E+00,5.85841E-05,3.84170E-04,6.67433E-05,4.37210E-04,9.99297E-05,3.62728E-04,1.28301E-04,3.94636E-04,1.31108E-04,4.00347E-04,1.33045E-04,3.99228E-04,1.29320E-04,3.93369E-04,1.35973E-04,4.03124E-04,1.25558E-04,3.90766E-04,1.24135E-04,3.94431E-04,1.30625E-04,4.05527E-04,1.20751E-04,3.92472E-04,1.18993E-04,3.93628E-04,1.25918E-04,4.08631E-04,1.16740E-04,3.95448E-04,1.17436E-04,3.99571E-04,1.14830E-04,4.04291E-04,1.15766E-04,