seed = 1672995615;
pop = 1750;
Inactive_Cycles = 1000;
Active_Cycles = 2600;
Total_CPU_Time = 4.26778E+03;
Total_Transport_Time = 3.99228E+02;
Time_Per_Integration = 6.89695E-09;
Clock_Time = 4.17671E+02;
keff_keff = [ 1.18671E+00,1.49889E-04];
fissionRate_fissionRate = reshape([ 9.16934E-05,5.11485E-04,9.01029E-05,5.06339E-04,8.90180E-05,8.63636E-04,8.94784E-05,5.08060E-04,8.94345E-05,5.03689E-04,8.92435E-05,5.03768E-04,8.83957E-05,5.08781E-04,8.76413E-05,5.06335E-04,8.70680E-05,5.00426E-04,8.60692E-05,5.01898E-04,8.46442E-05,5.03366E-04,8.37765E-05,5.14551E-04,8.23050E-05,5.02264E-04,8.08103E-05,5.05456E-04,8.01307E-05,5.00919E-04,8.11541E-05,4.99544E-04,8.76734E-05,4.90185E-04,7.65780E-05,4.55406E-04,8.06574E-05,4.42997E-04,8.16403E-05,4.37271E-04,8.08888E-05,4.37777E-04,7.91570E-05,4.36443E-04,7.69983E-05,4.69487E-04,7.35359E-05,4.37303E-04,7.00815E-05,4.38963E-04,6.67978E-05,4.38645E-04,6.25572E-05,4.35982E-04,5.87872E-05,4.35809E-04,5.46111E-05,4.36514E-04,5.02116E-05,4.41073E-04,4.57343E-05,4.38371E-04,4.22325E-05,4.36920E-04,4.04537E-05,4.43495E-04,4.37399E-05,4.56280E-04,6.22071E-05,4.08499E-04,7.88661E-05,4.47980E-04,7.73828E-05,4.46757E-04,7.82369E-05,4.46718E-04,7.97340E-05,4.49275E-04,8.36443E-05,4.49503E-04,7.85383E-05,4.47904E-04,7.73599E-05,4.47346E-04,8.08121E-05,4.51136E-04,7.62223E-05,4.45741E-04,7.49692E-05,4.46434E-04,7.84145E-05,4.47778E-04,7.36567E-05,4.46501E-04,7.09328E-05,4.44686E-04,6.95000E-05,4.50296E-04,7.30202E-05,4.52594E-04,6.40777E-05,4.12491E-04,5.95018E-05,3.70749E-04,6.46393E-05,3.70466E-04,6.67561E-05,3.71379E-04,6.75486E-05,3.74054E-04,6.74835E-05,3.75228E-04,6.74633E-05,3.84937E-04,6.28523E-05,3.77333E-04,5.99264E-05,3.78336E-04,5.88993E-05,3.79997E-04,5.34213E-05,3.77177E-04,4.98804E-05,3.81957E-04,4.80004E-05,3.84849E-04,4.29080E-05,3.80753E-04,3.90633E-05,3.78589E-04,3.58778E-05,3.84227E-04,3.52776E-05,3.93330E-04,4.04497E-05,4.38782E-04,5.72142E-05,3.71506E-04,7.14711E-05,4.02266E-04,7.21759E-05,4.05873E-04,7.78686E-05,4.17616E-04,7.90478E-05,4.17573E-04,0.00000E+00,0.00000E+00,7.44581E-05,4.14863E-04,7.27929E-05,4.10088E-04,0.00000E+00,0.00000E+00,7.12122E-05,4.09505E-04,7.07057E-05,4.12648E-04,0.00000E+00,0.00000E+00,7.27937E-05,4.17876E-04,7.05078E-05,4.14433E-04,6.52915E-05,4.03857E-04,6.69854E-05,4.07170E-04,6.07668E-05,3.90174E-04,5.67258E-05,3.35779E-04,6.31613E-05,3.44619E-04,6.68402E-05,3.56597E-04,7.05353E-05,3.67688E-04,7.04918E-05,3.66723E-04,0.00000E+00,0.00000E+00,6.46822E-05,3.66669E-04,6.11716E-05,3.64215E-04,0.00000E+00,0.00000E+00,5.47649E-05,3.67409E-04,5.10668E-05,3.67465E-04,0.00000E+00,0.00000E+00,4.49667E-05,3.74104E-04,4.11247E-05,3.74187E-04,3.68718E-05,3.68959E-04,3.59553E-05,3.77173E-04,4.21332E-05,4.38373E-04,6.02328E-05,3.63633E-04,7.64071E-05,3.93034E-04,8.22643E-05,4.08922E-04,0.00000E+00,0.00000E+00,8.17405E-05,4.12603E-04,8.76235E-05,4.19177E-04,7.95153E-05,4.00762E-04,7.78146E-05,4.00749E-04,8.21128E-05,4.12479E-04,7.62500E-05,3.97117E-04,7.56731E-05,3.98594E-04,8.18985E-05,4.14292E-04,7.47534E-05,4.10262E-04,0.00000E+00,0.00000E+00,7.42175E-05,4.11854E-04,7.18143E-05,4.04969E-04,6.37151E-05,3.84802E-04,5.98450E-05,3.29729E-04,6.69704E-05,3.39604E-04,7.39511E-05,3.57423E-04,0.00000E+00,0.00000E+00,7.47025E-05,3.65552E-04,7.19280E-05,3.60021E-04,6.52786E-05,3.51809E-04,6.21200E-05,3.54233E-04,6.11992E-05,3.60641E-04,5.52433E-05,3.52727E-04,5.16605E-05,3.53627E-04,5.05358E-05,3.63398E-04,4.74131E-05,3.64525E-04,0.00000E+00,0.00000E+00,4.10668E-05,3.73423E-04,3.89810E-05,3.75951E-04,4.55647E-05,4.35985E-04,6.60606E-05,3.61716E-04,8.57376E-05,4.00750E-04,9.18921E-05,4.15211E-04,8.93354E-05,4.06712E-04,9.25913E-05,4.10296E-04,9.41277E-05,4.18910E-04,8.53536E-05,4.00097E-04,8.41481E-05,3.97385E-04,8.92298E-05,4.16555E-04,8.18372E-05,3.96578E-04,8.12218E-05,3.98196E-04,8.75110E-05,4.17341E-04,8.50241E-05,4.07314E-04,8.02265E-05,4.08539E-04,8.27353E-05,4.15661E-04,8.00019E-05,4.05884E-04,6.96979E-05,3.82553E-04,6.50894E-05,3.26453E-04,7.35045E-05,3.43265E-04,8.11572E-05,3.59921E-04,8.19347E-05,3.56948E-04,7.78656E-05,3.55225E-04,7.72067E-05,3.63426E-04,7.05683E-05,3.55046E-04,6.69063E-05,3.53866E-04,6.60892E-05,3.63928E-04,5.96854E-05,3.57055E-04,5.57384E-05,3.51941E-04,5.45334E-05,3.65190E-04,4.92344E-05,3.58338E-04,4.74071E-05,3.64436E-04,4.47783E-05,3.74323E-04,4.27631E-05,3.82442E-04,5.00662E-05,4.38147E-04,7.33393E-05,3.63206E-04,9.92661E-05,4.08543E-04,0.00000E+00,0.00000E+00,1.05735E-04,4.19258E-04,1.02832E-04,4.11448E-04,0.00000E+00,0.00000E+00,9.89945E-05,4.09623E-04,9.77037E-05,4.04519E-04,0.00000E+00,0.00000E+00,9.52333E-05,4.10617E-04,9.38907E-05,4.09406E-04,0.00000E+00,0.00000E+00,9.40186E-05,4.10752E-04,9.54586E-05,4.14553E-04,0.00000E+00,0.00000E+00,9.19478E-05,4.13815E-04,7.61925E-05,3.83442E-04,7.09632E-05,3.25837E-04,8.26042E-05,3.48530E-04,0.00000E+00,0.00000E+00,8.80540E-05,3.54083E-04,8.60052E-05,3.58037E-04,0.00000E+00,0.00000E+00,7.91464E-05,3.60806E-04,7.51368E-05,3.57973E-04,0.00000E+00,0.00000E+00,6.67465E-05,3.60029E-04,6.24279E-05,3.58626E-04,0.00000E+00,0.00000E+00,5.44853E-05,3.65617E-04,5.05134E-05,3.60633E-04,0.00000E+00,0.00000E+00,4.79540E-05,3.83813E-04,5.44737E-05,5.12524E-04,7.94018E-05,3.62640E-04,1.01860E-04,3.95314E-04,1.04119E-04,4.00784E-04,1.05662E-04,3.99953E-04,1.03167E-04,3.96433E-04,1.08321E-04,4.03557E-04,1.00086E-04,3.94055E-04,9.86286E-05,3.92809E-04,1.04159E-04,4.01013E-04,9.59119E-05,3.90972E-04,9.55077E-05,3.91266E-04,1.00459E-04,4.06103E-04,9.35647E-05,3.93618E-04,9.49456E-05,3.97180E-04,9.28232E-05,3.99996E-04,9.36579E-05,4.07227E-04,8.22233E-05,3.80103E-04,7.63665E-05,3.25293E-04,8.60096E-05,3.37233E-04,9.35482E-05,3.48715E-04,8.99991E-05,3.43366E-04,8.82778E-05,3.45992E-04,8.83777E-05,3.55720E-04,8.13265E-05,3.51048E-04,7.73943E-05,3.50309E-04,7.61754E-05,3.57669E-04,6.90903E-05,3.52409E-04,6.44341E-05,3.49302E-04,6.26142E-05,3.56445E-04,5.56337E-05,3.55276E-04,5.16346E-05,3.53454E-04,5.09345E-05,3.67367E-04,4.98657E-05,3.77481E-04,5.83606E-05,4.38927E-04,8.65601E-05,3.59335E-04,1.11377E-04,3.95800E-04,1.14224E-04,4.07825E-04,1.15288E-04,3.98603E-04,1.11974E-04,3.95504E-04,1.19100E-04,4.12349E-04,1.09203E-04,3.97182E-04,1.07929E-04,3.94622E-04,1.14786E-04,4.11087E-04,1.04958E-04,3.95565E-04,1.03203E-04,3.95828E-04,1.11016E-04,4.11074E-04,1.01805E-04,3.99597E-04,1.02858E-04,4.02093E-04,1.01105E-04,4.09819E-04,1.01062E-04,4.06272E-04,8.85554E-05,3.80350E-04,8.24715E-05,3.23729E-04,9.29054E-05,3.41237E-04,1.00500E-04,3.53312E-04,9.66347E-05,3.48076E-04,9.44849E-05,3.46423E-04,9.53181E-05,3.59695E-04,8.74250E-05,3.52213E-04,8.30734E-05,3.48461E-04,8.16333E-05,3.60373E-04,7.39712E-05,3.51473E-04,6.94469E-05,3.50364E-04,6.67920E-05,3.63560E-04,5.96174E-05,3.52727E-04,5.53789E-05,3.55364E-04,5.47540E-05,3.68752E-04,5.30689E-05,3.79871E-04,6.24078E-05,4.32323E-04,9.41420E-05,3.59608E-04,1.26439E-04,4.08504E-04,0.00000E+00,0.00000E+00,1.33299E-04,4.14530E-04,1.29300E-04,4.08777E-04,0.00000E+00,0.00000E+00,1.26048E-04,4.11398E-04,1.25010E-04,4.08493E-04,3.07296E-09,1.49315E-04,1.21154E-04,4.05615E-04,1.19018E-04,4.06214E-04,0.00000E+00,0.00000E+00,1.17242E-04,4.10358E-04,1.17689E-04,4.13956E-04,0.00000E+00,0.00000E+00,1.15131E-04,4.11956E-04,9.58247E-05,3.79193E-04,8.90027E-05,3.24836E-04,1.02532E-04,3.47901E-04,0.00000E+00,0.00000E+00,1.07409E-04,3.53552E-04,1.04569E-04,3.54687E-04,0.00000E+00,0.00000E+00,9.69499E-05,3.59928E-04,9.18968E-05,3.56089E-04,2.41507E-09,1.01996E-04,8.19328E-05,3.60846E-04,7.61671E-05,3.50872E-04,0.00000E+00,0.00000E+00,6.58135E-05,3.66235E-04,6.08391E-05,3.61197E-04,0.00000E+00,0.00000E+00,5.83236E-05,3.85370E-04,6.65677E-05,4.30568E-04,1.00776E-04,3.59257E-04,1.28752E-04,3.96632E-04,1.31713E-04,3.98139E-04,1.34036E-04,3.97555E-04,1.29970E-04,3.93558E-04,1.36154E-04,4.02669E-04,1.26030E-04,3.88574E-04,1.24757E-04,3.90202E-04,1.31655E-04,4.00402E-04,1.21627E-04,3.90941E-04,1.19468E-04,3.91964E-04,1.25910E-04,4.03383E-04,1.17098E-04,3.93748E-04,1.17927E-04,3.97934E-04,1.14881E-04,4.00417E-04,1.15972E-04,