seed = -599132458;
pop = 1750;
Inactive_Cycles = 1000;
Active_Cycles = 2600;
Total_CPU_Time = 3.92434E+03;
Total_Transport_Time = 3.63933E+02;
Time_Per_Integration = 6.28869E-09;
Clock_Time = 3.85064E+02;
keff_keff = [ 1.18663E+00,1.65679E-04];
fissionRate_fissionRate = reshape([ 9.16408E-05,6.87814E-04,9.07006E-05,6.38390E-04,8.96166E-05,6.20641E-04,8.95006E-05,6.04431E-04,8.93472E-05,5.95257E-04,8.92270E-05,5.92585E-04,8.82334E-05,6.02103E-04,8.80329E-05,5.99872E-04,8.72448E-05,5.89622E-04,8.56457E-05,5.91511E-04,8.47412E-05,5.88260E-04,8.37465E-05,5.96705E-04,8.21159E-05,5.96888E-04,8.06742E-05,5.92675E-04,7.98617E-05,5.86425E-04,8.13432E-05,5.79403E-04,8.73409E-05,5.81592E-04,7.61048E-05,5.48805E-04,8.00872E-05,5.44879E-04,8.08999E-05,5.40671E-04,8.00649E-05,5.41238E-04,7.88710E-05,5.36965E-04,7.67647E-05,5.32758E-04,7.30695E-05,5.28552E-04,6.99238E-05,5.26014E-04,6.63848E-05,5.41113E-04,6.24405E-05,5.44687E-04,5.83911E-05,5.39182E-04,5.42169E-05,5.32124E-04,4.97079E-05,5.21841E-04,4.52271E-05,5.28629E-04,4.19051E-05,5.22103E-04,4.04665E-05,5.24118E-04,4.36173E-05,5.46301E-04,6.26164E-05,5.09687E-04,7.86805E-05,5.35496E-04,7.74448E-05,5.22335E-04,7.81777E-05,5.12247E-04,7.97308E-05,5.13451E-04,8.34399E-05,5.11798E-04,7.85105E-05,5.10809E-04,7.74616E-05,5.16077E-04,8.11701E-05,5.14450E-04,7.53787E-05,5.09215E-04,7.50435E-05,5.09674E-04,7.83272E-05,5.11366E-04,7.32827E-05,5.07802E-04,7.09367E-05,5.07019E-04,6.94391E-05,5.07017E-04,7.27319E-05,5.09480E-04,6.37379E-05,4.73830E-04,5.91545E-05,4.43394E-04,6.46605E-05,4.50464E-04,6.62025E-05,4.48113E-04,6.70178E-05,4.54768E-04,6.70380E-05,4.57461E-04,6.75841E-05,4.67104E-04,6.26267E-05,4.57903E-04,5.95612E-05,4.59226E-04,5.84542E-05,4.65054E-04,5.30467E-05,4.61501E-04,4.96360E-05,4.73173E-04,4.77500E-05,4.62423E-04,4.26222E-05,4.57151E-04,3.87472E-05,4.55022E-04,3.58168E-05,4.54265E-04,3.50408E-05,4.68130E-04,4.03211E-05,5.28624E-04,5.78191E-05,4.54735E-04,7.17103E-05,4.69916E-04,7.28928E-05,4.65051E-04,7.86864E-05,4.83582E-04,7.92074E-05,4.77713E-04,0.00000E+00,0.00000E+00,7.41824E-05,4.76278E-04,7.32373E-05,4.73479E-04,0.00000E+00,0.00000E+00,7.16459E-05,4.73513E-04,7.10242E-05,4.72540E-04,0.00000E+00,0.00000E+00,7.24468E-05,4.72108E-04,7.07429E-05,4.72676E-04,6.51215E-05,4.53991E-04,6.69173E-05,4.61525E-04,6.04724E-05,4.40750E-04,5.68997E-05,4.06738E-04,6.30076E-05,4.17438E-04,6.67294E-05,4.36341E-04,7.03063E-05,4.42419E-04,7.00671E-05,4.42466E-04,0.00000E+00,0.00000E+00,6.45100E-05,4.48548E-04,6.12127E-05,4.43152E-04,0.00000E+00,0.00000E+00,5.48077E-05,4.44953E-04,5.11238E-05,4.40929E-04,0.00000E+00,0.00000E+00,4.47746E-05,4.57885E-04,4.09117E-05,4.51149E-04,3.66568E-05,4.42126E-04,3.58686E-05,4.57517E-04,4.18965E-05,5.30053E-04,6.09177E-05,4.42220E-04,7.69720E-05,4.61969E-04,8.29745E-05,4.77597E-04,0.00000E+00,0.00000E+00,8.24898E-05,4.79107E-04,8.81310E-05,4.75478E-04,7.92843E-05,4.61338E-04,7.78685E-05,4.62626E-04,8.21687E-05,4.76206E-04,7.62870E-05,4.58292E-04,7.59060E-05,4.56785E-04,8.20142E-05,4.76288E-04,7.48711E-05,4.61872E-04,0.00000E+00,0.00000E+00,7.43801E-05,4.66055E-04,7.13449E-05,4.55124E-04,6.36111E-05,4.38421E-04,6.01220E-05,4.00200E-04,6.71833E-05,4.18886E-04,7.39804E-05,4.34248E-04,0.00000E+00,0.00000E+00,7.49459E-05,4.37715E-04,7.16068E-05,4.32588E-04,6.55128E-05,4.27699E-04,6.20047E-05,4.28656E-04,6.10551E-05,4.38406E-04,5.52901E-05,4.29753E-04,5.16095E-05,4.29598E-04,5.07508E-05,4.45336E-04,4.74104E-05,4.44255E-04,0.00000E+00,0.00000E+00,4.09369E-05,4.50037E-04,3.86853E-05,4.55949E-04,4.54927E-05,5.43682E-04,6.68288E-05,4.44229E-04,8.69342E-05,4.72716E-04,9.26033E-05,4.85763E-04,8.98468E-05,4.74767E-04,9.36861E-05,4.73869E-04,9.47357E-05,4.79861E-04,8.53531E-05,4.61349E-04,8.38262E-05,4.62615E-04,8.91765E-05,4.75872E-04,8.24109E-05,4.56421E-04,8.14290E-05,4.53491E-04,8.81756E-05,4.79164E-04,8.49371E-05,4.69356E-04,8.08166E-05,4.64317E-04,8.29510E-05,4.71127E-04,7.99352E-05,4.57205E-04,6.95426E-05,4.36802E-04,6.51762E-05,4.04098E-04,7.37991E-05,4.18581E-04,8.17503E-05,4.40157E-04,8.20662E-05,4.32725E-04,7.78630E-05,4.29090E-04,7.72445E-05,4.39618E-04,7.06690E-05,4.26189E-04,6.68199E-05,4.28174E-04,6.61017E-05,4.38901E-04,5.95671E-05,4.30058E-04,5.58275E-05,4.27199E-04,5.45575E-05,4.38418E-04,4.94123E-05,4.35841E-04,4.72649E-05,4.40826E-04,4.48950E-05,4.50935E-04,4.26728E-05,4.57433E-04,4.99571E-05,5.39697E-04,7.39594E-05,4.53320E-04,1.00438E-04,4.88314E-04,0.00000E+00,0.00000E+00,1.07436E-04,4.87897E-04,1.03514E-04,4.73390E-04,0.00000E+00,0.00000E+00,9.92580E-05,4.75477E-04,9.82323E-05,4.75700E-04,0.00000E+00,0.00000E+00,9.60635E-05,4.75202E-04,9.49439E-05,4.71040E-04,0.00000E+00,0.00000E+00,9.36321E-05,4.69321E-04,9.56782E-05,4.75858E-04,0.00000E+00,0.00000E+00,9.16665E-05,4.72571E-04,7.62679E-05,4.33294E-04,7.15864E-05,4.01443E-04,8.28863E-05,4.25250E-04,0.00000E+00,0.00000E+00,8.81973E-05,4.31585E-04,8.60113E-05,4.34995E-04,0.00000E+00,0.00000E+00,7.94722E-05,4.36409E-04,7.49368E-05,4.33670E-04,0.00000E+00,0.00000E+00,6.70125E-05,4.45256E-04,6.25194E-05,4.29218E-04,0.00000E+00,0.00000E+00,5.45143E-05,4.41999E-04,5.04521E-05,4.36735E-04,0.00000E+00,0.00000E+00,4.76288E-05,4.67237E-04,5.41838E-05,5.31255E-04,8.01428E-05,4.47426E-04,1.02493E-04,4.66451E-04,1.04981E-04,4.72920E-04,1.06250E-04,4.66117E-04,1.03210E-04,4.55477E-04,1.08516E-04,4.68377E-04,1.00193E-04,4.56622E-04,9.91712E-05,4.56964E-04,1.05109E-04,4.70284E-04,9.70382E-05,4.56219E-04,9.53679E-05,4.52761E-04,1.01088E-04,4.60811E-04,9.35119E-05,4.52287E-04,9.46581E-05,4.57212E-04,9.30969E-05,4.59552E-04,9.35915E-05,4.61467E-04,8.19728E-05,4.35974E-04,7.68330E-05,4.03167E-04,8.60179E-05,4.14978E-04,9.35413E-05,4.27157E-04,9.02643E-05,4.19935E-04,8.85383E-05,4.24771E-04,8.88924E-05,4.31189E-04,8.20669E-05,4.21090E-04,7.73740E-05,4.18986E-04,7.65103E-05,4.30168E-04,6.89844E-05,4.27987E-04,6.42950E-05,4.23650E-04,6.24796E-05,4.31667E-04,5.56811E-05,4.30440E-04,5.18170E-05,4.31308E-04,5.07649E-05,4.40991E-04,4.94059E-05,4.57296E-04,5.80331E-05,5.37773E-04,8.73059E-05,4.55195E-04,1.11883E-04,4.72423E-04,1.15409E-04,4.79959E-04,1.16254E-04,4.63894E-04,1.12944E-04,4.68813E-04,1.19736E-04,4.85328E-04,1.09424E-04,4.56025E-04,1.08103E-04,4.62688E-04,1.15247E-04,4.83776E-04,1.05589E-04,4.59572E-04,1.03846E-04,4.54252E-04,1.10899E-04,4.71872E-04,1.01395E-04,4.50471E-04,1.02363E-04,4.57922E-04,1.01635E-04,4.66600E-04,1.01413E-04,4.58657E-04,8.83964E-05,4.33759E-04,8.26704E-05,3.96376E-04,9.30965E-05,4.13648E-04,1.00673E-04,4.26635E-04,9.68207E-05,4.22616E-04,9.48374E-05,4.20064E-04,9.55331E-05,4.32870E-04,8.77758E-05,4.20809E-04,8.32972E-05,4.26101E-04,8.24042E-05,4.41731E-04,7.39666E-05,4.26974E-04,6.89465E-05,4.27407E-04,6.69240E-05,4.41466E-04,5.95064E-05,4.30787E-04,5.50344E-05,4.28862E-04,5.45489E-05,4.45147E-04,5.29430E-05,4.57703E-04,6.21932E-05,5.39042E-04,9.47758E-05,4.53952E-04,1.27956E-04,4.81338E-04,0.00000E+00,0.00000E+00,1.34238E-04,4.85897E-04,1.30127E-04,4.83140E-04,0.00000E+00,0.00000E+00,1.26448E-04,4.82612E-04,1.25150E-04,4.75561E-04,3.08813E-09,3.96309E-04,1.21844E-04,4.77711E-04,1.19716E-04,4.72292E-04,0.00000E+00,0.00000E+00,1.16960E-04,4.71512E-04,1.17613E-04,4.71819E-04,0.00000E+00,0.00000E+00,1.15218E-04,4.70347E-04,9.59753E-05,4.31759E-04,8.89516E-05,4.01099E-04,1.03193E-04,4.21173E-04,0.00000E+00,0.00000E+00,1.08038E-04,4.30343E-04,1.04862E-04,4.27975E-04,0.00000E+00,0.00000E+00,9.73674E-05,4.38154E-04,9.24383E-05,4.38864E-04,2.42538E-09,3.07264E-04,8.19662E-05,4.35881E-04,7.64171E-05,4.33491E-04,0.00000E+00,0.00000E+00,6.61268E-05,4.42188E-04,6.07366E-05,4.36712E-04,0.00000E+00,0.00000E+00,5.81541E-05,4.61875E-04,6.63753E-05,5.39506E-04,1.01164E-04,4.50565E-04,1.30218E-04,4.70458E-04,1.32509E-04,4.69082E-04,1.34074E-04,4.67756E-04,1.30449E-04,4.62497E-04,1.37486E-04,4.76870E-04,1.27334E-04,4.58715E-04,1.24874E-04,4.58247E-04,1.32012E-04,4.74992E-04,1.21608E-04,4.60476E-04,1.19716E-04,4.56035E-04,1.26449E-04,4.70298E-04,1.16603E-04,4.54408E-04,1.17839E-04,4.54172E-04,1.15572E-04,4.55040E-04,1.15993E-04,