seed = -493693406;
pop = 1750;
Inactive_Cycles = 1000;
Active_Cycles = 2600;
Total_CPU_Time = 1.96107E+03;
Total_Transport_Time = 1.79981E+02;
Time_Per_Integration = 3.10968E-09;
Clock_Time = 1.91818E+02;
keff_keff = [ 1.18685E+00,1.51261E-04];
fissionRate_fissionRate = reshape([ 9.11935E-05,5.14758E-04,8.97755E-05,5.06174E-04,8.95505E-05,5.02008E-04,8.90038E-05,5.05031E-04,8.92287E-05,4.99791E-04,8.91163E-05,5.06427E-04,8.82767E-05,5.01377E-04,8.73927E-05,5.02698E-04,8.71374E-05,5.02486E-04,8.57216E-05,5.03706E-04,8.47728E-05,5.00005E-04,8.38314E-05,5.01588E-04,8.25695E-05,5.04882E-04,8.09904E-05,5.01296E-04,7.98931E-05,5.01055E-04,8.10766E-05,5.00960E-04,8.73795E-05,4.90359E-04,7.62558E-05,4.46741E-04,8.01560E-05,4.40672E-04,8.13768E-05,4.38894E-04,8.08982E-05,4.38523E-04,7.89012E-05,4.36302E-04,7.68745E-05,4.36275E-04,7.35027E-05,4.37485E-04,7.00206E-05,4.38046E-04,6.66679E-05,4.34156E-04,6.22963E-05,4.42617E-04,5.82894E-05,4.39447E-04,5.43934E-05,4.40118E-04,4.99755E-05,4.41068E-04,4.59633E-05,4.40752E-04,4.23745E-05,4.35837E-04,4.05444E-05,4.36836E-04,4.37126E-05,4.57111E-04,6.22438E-05,4.09698E-04,7.86102E-05,4.51978E-04,7.69539E-05,4.47790E-04,7.79256E-05,4.45224E-04,7.99011E-05,4.50002E-04,8.35018E-05,4.51812E-04,7.82560E-05,4.47383E-04,7.74105E-05,4.48490E-04,8.07149E-05,4.52981E-04,7.57060E-05,4.46655E-04,7.45607E-05,4.48663E-04,7.82382E-05,4.50811E-04,7.36404E-05,4.50238E-04,7.08176E-05,4.42638E-04,6.93958E-05,4.49710E-04,7.26755E-05,4.54542E-04,6.39758E-05,4.14695E-04,5.90711E-05,3.69419E-04,6.44491E-05,3.71044E-04,6.67153E-05,3.70076E-04,6.75604E-05,3.72907E-04,6.70690E-05,3.77031E-04,6.74925E-05,3.84996E-04,6.25655E-05,3.77944E-04,5.95603E-05,3.80182E-04,5.85139E-05,3.82997E-04,5.31057E-05,3.79147E-04,4.97870E-05,3.76823E-04,4.79124E-05,3.84413E-04,4.28175E-05,3.80655E-04,3.90952E-05,3.81473E-04,3.60180E-05,3.81222E-04,3.53671E-05,3.91598E-04,4.04829E-05,4.40615E-04,5.72699E-05,3.69804E-04,7.11879E-05,4.01091E-04,7.19075E-05,4.07026E-04,7.76490E-05,4.17911E-04,7.89265E-05,4.18305E-04,0.00000E+00,0.00000E+00,7.40279E-05,4.11826E-04,7.29881E-05,4.12133E-04,0.00000E+00,0.00000E+00,7.15412E-05,4.13523E-04,7.07152E-05,4.14470E-04,0.00000E+00,0.00000E+00,7.24998E-05,4.20084E-04,7.05555E-05,4.21200E-04,6.51647E-05,4.06621E-04,6.65125E-05,4.11478E-04,6.01439E-05,3.92761E-04,5.67830E-05,3.36806E-04,6.29485E-05,3.44752E-04,6.70386E-05,3.53221E-04,7.05702E-05,3.65001E-04,7.02522E-05,3.72304E-04,0.00000E+00,0.00000E+00,6.47553E-05,3.69732E-04,6.14336E-05,3.63428E-04,0.00000E+00,0.00000E+00,5.48310E-05,3.71054E-04,5.12443E-05,3.65553E-04,0.00000E+00,0.00000E+00,4.48675E-05,3.75196E-04,4.11110E-05,3.74373E-04,3.68224E-05,3.71808E-04,3.58457E-05,3.84285E-04,4.23058E-05,4.40157E-04,6.03027E-05,3.60834E-04,7.64158E-05,3.96669E-04,8.20751E-05,4.11825E-04,0.00000E+00,0.00000E+00,8.16396E-05,4.11119E-04,8.79165E-05,4.17081E-04,7.92667E-05,4.00636E-04,7.82167E-05,3.98788E-04,8.21810E-05,4.15209E-04,7.64972E-05,3.99564E-04,7.57548E-05,4.00643E-04,8.17954E-05,4.16982E-04,7.46440E-05,4.13687E-04,0.00000E+00,0.00000E+00,7.39997E-05,4.12523E-04,7.12207E-05,4.04349E-04,6.35296E-05,3.86126E-04,5.95970E-05,3.28520E-04,6.68932E-05,3.40929E-04,7.36403E-05,3.61734E-04,0.00000E+00,0.00000E+00,7.47543E-05,3.61485E-04,7.17616E-05,3.64640E-04,6.54342E-05,3.53011E-04,6.21366E-05,3.52367E-04,6.09542E-05,3.61017E-04,5.52885E-05,3.53101E-04,5.18009E-05,3.54711E-04,5.08515E-05,3.60917E-04,4.75096E-05,3.63835E-04,0.00000E+00,0.00000E+00,4.09922E-05,3.75884E-04,3.89713E-05,3.81013E-04,4.57086E-05,4.40131E-04,6.62452E-05,3.64586E-04,8.61713E-05,4.00308E-04,9.19080E-05,4.17294E-04,8.90960E-05,4.06780E-04,9.26997E-05,4.11262E-04,9.40312E-05,4.18548E-04,8.52583E-05,4.00008E-04,8.38999E-05,3.98115E-04,8.94925E-05,4.15893E-04,8.23162E-05,4.01079E-04,8.13055E-05,3.99284E-04,8.77436E-05,4.16660E-04,8.46165E-05,4.08274E-04,8.02402E-05,4.06650E-04,8.21348E-05,4.14846E-04,7.97291E-05,4.09392E-04,6.95471E-05,3.81800E-04,6.47868E-05,3.25952E-04,7.34563E-05,3.42389E-04,8.13131E-05,3.59333E-04,8.17807E-05,3.58702E-04,7.76230E-05,3.56069E-04,7.68836E-05,3.65837E-04,7.05366E-05,3.56736E-04,6.69909E-05,3.53269E-04,6.61501E-05,3.62630E-04,5.95165E-05,3.54736E-04,5.57405E-05,3.53813E-04,5.45159E-05,3.66068E-04,4.93644E-05,3.59317E-04,4.73681E-05,3.63724E-04,4.47530E-05,3.79374E-04,4.28271E-05,3.81489E-04,5.00232E-05,4.38638E-04,7.33188E-05,3.63430E-04,9.96180E-05,4.11363E-04,0.00000E+00,0.00000E+00,1.06358E-04,4.16825E-04,1.02907E-04,4.12887E-04,0.00000E+00,0.00000E+00,9.93022E-05,4.10006E-04,9.75914E-05,4.10094E-04,0.00000E+00,0.00000E+00,9.51038E-05,4.10179E-04,9.41623E-05,4.09319E-04,0.00000E+00,0.00000E+00,9.38927E-05,4.11198E-04,9.56855E-05,4.19402E-04,0.00000E+00,0.00000E+00,9.17954E-05,4.14587E-04,7.61436E-05,3.81554E-04,7.11916E-05,3.26845E-04,8.27869E-05,3.50449E-04,0.00000E+00,0.00000E+00,8.81724E-05,3.53667E-04,8.55354E-05,3.59896E-04,0.00000E+00,0.00000E+00,7.89527E-05,3.62965E-04,7.49757E-05,3.59796E-04,0.00000E+00,0.00000E+00,6.68140E-05,3.63040E-04,6.24374E-05,3.58070E-04,0.00000E+00,0.00000E+00,5.46027E-05,3.64068E-04,5.06910E-05,3.64338E-04,0.00000E+00,0.00000E+00,4.77384E-05,3.84915E-04,5.46674E-05,4.36305E-04,7.92395E-05,3.62417E-04,1.02204E-04,3.95358E-04,1.03861E-04,3.98516E-04,1.05926E-04,4.01889E-04,1.03067E-04,3.95000E-04,1.08045E-04,4.04966E-04,9.99711E-05,3.93284E-04,9.88917E-05,3.92181E-04,1.03959E-04,4.05881E-04,9.62280E-05,3.92648E-04,9.47788E-05,3.96273E-04,1.00404E-04,4.06811E-04,9.34566E-05,3.94793E-04,9.44755E-05,3.98438E-04,9.27487E-05,3.98971E-04,9.33797E-05,4.06727E-04,8.17231E-05,3.83013E-04,7.65264E-05,3.27223E-04,8.59391E-05,3.39911E-04,9.32794E-05,3.51569E-04,8.98573E-05,3.47739E-04,8.81048E-05,3.47697E-04,8.87113E-05,3.54436E-04,8.16845E-05,3.56139E-04,7.75332E-05,3.52404E-04,7.65512E-05,3.58528E-04,6.92646E-05,3.48322E-04,6.46905E-05,3.50128E-04,6.25420E-05,3.57694E-04,5.58174E-05,3.54341E-04,5.18762E-05,3.54273E-04,5.12384E-05,3.66232E-04,4.98098E-05,3.79400E-04,5.83608E-05,4.41465E-04,8.63565E-05,3.60814E-04,1.11428E-04,3.97135E-04,1.14584E-04,4.11237E-04,1.15224E-04,4.01938E-04,1.11880E-04,3.97484E-04,1.18525E-04,4.13765E-04,1.09487E-04,3.97701E-04,1.07709E-04,3.92790E-04,1.14668E-04,4.14459E-04,1.05438E-04,3.99625E-04,1.03648E-04,3.99232E-04,1.10010E-04,4.15148E-04,1.01326E-04,3.98197E-04,1.02232E-04,4.02046E-04,1.01256E-04,4.09804E-04,1.00957E-04,4.07694E-04,8.81173E-05,3.82466E-04,8.20137E-05,3.25750E-04,9.26663E-05,3.39755E-04,1.00105E-04,3.57708E-04,9.66237E-05,3.47865E-04,9.49069E-05,3.49111E-04,9.49934E-05,3.61123E-04,8.78893E-05,3.49374E-04,8.31062E-05,3.53404E-04,8.22038E-05,3.60629E-04,7.42123E-05,3.52874E-04,6.93394E-05,3.49904E-04,6.72538E-05,3.62899E-04,5.95475E-05,3.56321E-04,5.53672E-05,3.54778E-04,5.46995E-05,3.68570E-04,5.33265E-05,3.80399E-04,6.23938E-05,4.37564E-04,9.38992E-05,3.60079E-04,1.26530E-04,4.09666E-04,0.00000E+00,0.00000E+00,1.32686E-04,4.12777E-04,1.28965E-04,4.11158E-04,0.00000E+00,0.00000E+00,1.25719E-04,4.10601E-04,1.24352E-04,4.09365E-04,3.07184E-09,1.48604E-04,1.21621E-04,4.08648E-04,1.19581E-04,4.05827E-04,0.00000E+00,0.00000E+00,1.16590E-04,4.11990E-04,1.17105E-04,4.15532E-04,0.00000E+00,0.00000E+00,1.14459E-04,4.16944E-04,9.53681E-05,3.82490E-04,8.88297E-05,3.25791E-04,1.02224E-04,3.51544E-04,0.00000E+00,0.00000E+00,1.07026E-04,3.52908E-04,1.04987E-04,3.54114E-04,0.00000E+00,0.00000E+00,9.76736E-05,3.60140E-04,9.20730E-05,3.54579E-04,2.42937E-09,1.00802E-04,8.23268E-05,3.63394E-04,7.63456E-05,3.57890E-04,0.00000E+00,0.00000E+00,6.62616E-05,3.60170E-04,6.09583E-05,3.62241E-04,0.00000E+00,0.00000E+00,5.84625E-05,3.83825E-04,6.68938E-05,4.36925E-04,1.00418E-04,3.60788E-04,1.29040E-04,3.95683E-04,1.31846E-04,3.99765E-04,1.33548E-04,4.01900E-04,1.29929E-04,3.95057E-04,1.35974E-04,4.06202E-04,1.25784E-04,3.91123E-04,1.24213E-04,3.94152E-04,1.31768E-04,4.05039E-04,1.21163E-04,3.93554E-04,1.19344E-04,3.89378E-04,1.25675E-04,4.01674E-04,1.16552E-04,3.92894E-04,1.17342E-04,4.01301E-04,1.15009E-04,4.03771E-04,1.16303E-04,