seed = -426372402;
pop = 40950;
Inactive_Cycles = 1525;
Active_Cycles = 950;
Total_CPU_Time = 1.42108E+05;
Total_Transport_Time = 1.83909E+03;
Time_Per_Integration = 1.78657E-09;
Clock_Time = 1.87534E+03;
keff_keff = [ 1.07806E+00,4.14554E-05];
fissionRate_fissionRate = reshape([ 6.76491E-05,2.09216E-04,6.68050E-05,2.04937E-04,6.61805E-05,2.05162E-04,6.61980E-05,2.06392E-04,6.62439E-05,2.04900E-04,6.61747E-05,2.05237E-04,6.57812E-05,2.05527E-04,6.54112E-05,2.05621E-04,6.53762E-05,2.04333E-04,6.47331E-05,2.05576E-04,6.43734E-05,2.04199E-04,6.41688E-05,2.03199E-04,6.35097E-05,2.02846E-04,6.29713E-05,2.03282E-04,6.31159E-05,2.02546E-04,6.47532E-05,1.99662E-04,7.03008E-05,1.96902E-04,6.17714E-05,1.82567E-04,6.54520E-05,1.78262E-04,6.66995E-05,1.77443E-04,6.67450E-05,1.77412E-04,6.58482E-05,1.76691E-04,6.46096E-05,1.77320E-04,6.21149E-05,1.76145E-04,5.94626E-05,1.76348E-04,5.69422E-05,1.75492E-04,5.36990E-05,1.75956E-04,5.04706E-05,1.75424E-04,4.73787E-05,1.76489E-04,4.36534E-05,1.75967E-04,4.01074E-05,1.75697E-04,3.70692E-05,1.75920E-04,3.56572E-05,1.75669E-04,3.84952E-05,1.83152E-04,4.59846E-05,1.64410E-04,5.78404E-05,1.80250E-04,5.67061E-05,1.79665E-04,5.70694E-05,1.79264E-04,5.79340E-05,1.81191E-04,6.04157E-05,1.82732E-04,5.73006E-05,1.82239E-04,5.68838E-05,1.81033E-04,5.91716E-05,1.82776E-04,5.63004E-05,1.80902E-04,5.60194E-05,1.80882E-04,5.84694E-05,1.82206E-04,5.56219E-05,1.80884E-04,5.44473E-05,1.78340E-04,5.44254E-05,1.78342E-04,5.75714E-05,1.79062E-04,5.12564E-05,1.63715E-04,4.80337E-05,1.48377E-04,5.25442E-05,1.48968E-04,5.46690E-05,1.49150E-04,5.57064E-05,1.49905E-04,5.57977E-05,1.51538E-04,5.64640E-05,1.52818E-04,5.26754E-05,1.51534E-04,5.04590E-05,1.51544E-04,4.98629E-05,1.52814E-04,4.56289E-05,1.51669E-04,4.29214E-05,1.50649E-04,4.15360E-05,1.52224E-04,3.72848E-05,1.51389E-04,3.40733E-05,1.51406E-04,3.15483E-05,1.51753E-04,3.10855E-05,1.56114E-04,3.57094E-05,1.76706E-04,4.19273E-05,1.48978E-04,5.19967E-05,1.59486E-04,5.19845E-05,1.62346E-04,5.51928E-05,1.69160E-04,5.55937E-05,1.70563E-04,0.00000E+00,0.00000E+00,5.29982E-05,1.66967E-04,5.24553E-05,1.66129E-04,0.00000E+00,0.00000E+00,5.19234E-05,1.66403E-04,5.17484E-05,1.66158E-04,0.00000E+00,0.00000E+00,5.32264E-05,1.69448E-04,5.26531E-05,1.67506E-04,5.00202E-05,1.61272E-04,5.24429E-05,1.62346E-04,4.80984E-05,1.54636E-04,4.57923E-05,1.34817E-04,5.09936E-05,1.38692E-04,5.45130E-05,1.42274E-04,5.79857E-05,1.47201E-04,5.81648E-05,1.47161E-04,0.00000E+00,0.00000E+00,5.41789E-05,1.46986E-04,5.18155E-05,1.45456E-04,0.00000E+00,0.00000E+00,4.69058E-05,1.46807E-04,4.40659E-05,1.45435E-04,0.00000E+00,0.00000E+00,3.90340E-05,1.49000E-04,3.58500E-05,1.48857E-04,3.22007E-05,1.46998E-04,3.15586E-05,1.52205E-04,3.71165E-05,1.75819E-04,4.37403E-05,1.46046E-04,5.49148E-05,1.57208E-04,5.77582E-05,1.65446E-04,0.00000E+00,0.00000E+00,5.70269E-05,1.67764E-04,6.17607E-05,1.69038E-04,5.67791E-05,1.62442E-04,5.61644E-05,1.61546E-04,5.88594E-05,1.67774E-04,5.54747E-05,1.61714E-04,5.54339E-05,1.61498E-04,5.94881E-05,1.69434E-04,5.45607E-05,1.65341E-04,0.00000E+00,0.00000E+00,5.55272E-05,1.64159E-04,5.54695E-05,1.60749E-04,5.04242E-05,1.51585E-04,4.79151E-05,1.32726E-04,5.41126E-05,1.37069E-04,6.01661E-05,1.43858E-04,0.00000E+00,0.00000E+00,6.14583E-05,1.45431E-04,5.94798E-05,1.43433E-04,5.46822E-05,1.40801E-04,5.22551E-05,1.40992E-04,5.17507E-05,1.44038E-04,4.71965E-05,1.41406E-04,4.44927E-05,1.41546E-04,4.37602E-05,1.44586E-04,4.11450E-05,1.45414E-04,0.00000E+00,0.00000E+00,3.59019E-05,1.48498E-04,3.40973E-05,1.51117E-04,4.01101E-05,1.76069E-04,4.74137E-05,1.45749E-04,6.07080E-05,1.61430E-04,6.35936E-05,1.67778E-04,6.18128E-05,1.65915E-04,6.47551E-05,1.66343E-04,6.56026E-05,1.69324E-04,6.04208E-05,1.61908E-04,5.98746E-05,1.60522E-04,6.33677E-05,1.67504E-04,5.91336E-05,1.60332E-04,5.89470E-05,1.60706E-04,6.32233E-05,1.68533E-04,6.18988E-05,1.65627E-04,5.87176E-05,1.65810E-04,6.09119E-05,1.66605E-04,6.10202E-05,1.62907E-04,5.44951E-05,1.51380E-04,5.17315E-05,1.32435E-04,5.89302E-05,1.37613E-04,6.54819E-05,1.45193E-04,6.63752E-05,1.44106E-04,6.36095E-05,1.42603E-04,6.35709E-05,1.45361E-04,5.86249E-05,1.41978E-04,5.60684E-05,1.40944E-04,5.57473E-05,1.44716E-04,5.06564E-05,1.41260E-04,4.77317E-05,1.41082E-04,4.68641E-05,1.44979E-04,4.26997E-05,1.41967E-04,4.11347E-05,1.46110E-04,3.90780E-05,1.48531E-04,3.73161E-05,1.52386E-04,4.36659E-05,1.75826E-04,5.17955E-05,1.46138E-04,6.89231E-05,1.64943E-04,0.00000E+00,0.00000E+00,7.32638E-05,1.69863E-04,7.09650E-05,1.66957E-04,0.00000E+00,0.00000E+00,6.90832E-05,1.66393E-04,6.84837E-05,1.64157E-04,0.00000E+00,0.00000E+00,6.76803E-05,1.64573E-04,6.72940E-05,1.65093E-04,0.00000E+00,0.00000E+00,6.77396E-05,1.66192E-04,6.95079E-05,1.68019E-04,0.00000E+00,0.00000E+00,6.89361E-05,1.65729E-04,5.91951E-05,1.51261E-04,5.62017E-05,1.32088E-04,6.57850E-05,1.40651E-04,0.00000E+00,0.00000E+00,7.08756E-05,1.42505E-04,6.96859E-05,1.43100E-04,0.00000E+00,0.00000E+00,6.54141E-05,1.43688E-04,6.25997E-05,1.42356E-04,0.00000E+00,0.00000E+00,5.66605E-05,1.43818E-04,5.32149E-05,1.41979E-04,0.00000E+00,0.00000E+00,4.68649E-05,1.45180E-04,4.38324E-05,1.44532E-04,0.00000E+00,0.00000E+00,4.15710E-05,1.53433E-04,4.74086E-05,1.75930E-04,5.54901E-05,1.45301E-04,7.05231E-05,1.59835E-04,7.12880E-05,1.61636E-04,7.30222E-05,1.61630E-04,7.11805E-05,1.60370E-04,7.45830E-05,1.64472E-04,6.99608E-05,1.57917E-04,6.96274E-05,1.57719E-04,7.32811E-05,1.62421E-04,6.86914E-05,1.58357E-04,6.81212E-05,1.57734E-04,7.17103E-05,1.63245E-04,6.78159E-05,1.59160E-04,6.91300E-05,1.60628E-04,6.79869E-05,1.61602E-04,7.03585E-05,1.61294E-04,6.31853E-05,1.51146E-04,5.97821E-05,1.31959E-04,6.78245E-05,1.36812E-04,7.40522E-05,1.41055E-04,7.19702E-05,1.40157E-04,7.10543E-05,1.39847E-04,7.21971E-05,1.41453E-04,6.69762E-05,1.40133E-04,6.42197E-05,1.39710E-04,6.37969E-05,1.41847E-04,5.80697E-05,1.39890E-04,5.45649E-05,1.39515E-04,5.31556E-05,1.42225E-04,4.77727E-05,1.40282E-04,4.45585E-05,1.40922E-04,4.40876E-05,1.45872E-04,4.29311E-05,1.50339E-04,5.05204E-05,1.76506E-04,5.95198E-05,1.45624E-04,7.58657E-05,1.59815E-04,7.69330E-05,1.65536E-04,7.83895E-05,1.62303E-04,7.65353E-05,1.60181E-04,8.06825E-05,1.68034E-04,7.54728E-05,1.59688E-04,7.55860E-05,1.58473E-04,8.10254E-05,1.64268E-04,7.45532E-05,1.58638E-04,7.33412E-05,1.59111E-04,7.75011E-05,1.67232E-04,7.26253E-05,1.59911E-04,7.39077E-05,1.62258E-04,7.31056E-05,1.63973E-04,7.53483E-05,1.62455E-04,6.73973E-05,1.51390E-04,6.37380E-05,1.31377E-04,7.23537E-05,1.37198E-04,7.90209E-05,1.42040E-04,7.64884E-05,1.39619E-04,7.55874E-05,1.39939E-04,7.69356E-05,1.44275E-04,7.13695E-05,1.40286E-04,6.84777E-05,1.39837E-04,6.81218E-05,1.44019E-04,6.19113E-05,1.40602E-04,5.80763E-05,1.39481E-04,5.66937E-05,1.43544E-04,5.07289E-05,1.40711E-04,4.72302E-05,1.41653E-04,4.69099E-05,1.47453E-04,4.56465E-05,1.51507E-04,5.37834E-05,1.76614E-04,6.39249E-05,1.46167E-04,8.49036E-05,1.64143E-04,0.00000E+00,0.00000E+00,8.84081E-05,1.68713E-04,8.64516E-05,1.65208E-04,0.00000E+00,0.00000E+00,8.55425E-05,1.65160E-04,8.63065E-05,1.63383E-04,2.14587E-09,7.93327E-05,8.51991E-05,1.62452E-04,8.28876E-05,1.63908E-04,0.00000E+00,0.00000E+00,8.18100E-05,1.65612E-04,8.30154E-05,1.67230E-04,0.00000E+00,0.00000E+00,8.37190E-05,1.65549E-04,7.19389E-05,1.51871E-04,6.80305E-05,1.31785E-04,7.94574E-05,1.40359E-04,0.00000E+00,0.00000E+00,8.43323E-05,1.41839E-04,8.31827E-05,1.41976E-04,0.00000E+00,0.00000E+00,7.85691E-05,1.43831E-04,7.53208E-05,1.41936E-04,1.99988E-09,5.98542E-05,6.81289E-05,1.43515E-04,6.38221E-05,1.41826E-04,0.00000E+00,0.00000E+00,5.57436E-05,1.44982E-04,5.18100E-05,1.44094E-04,0.00000E+00,0.00000E+00,4.99016E-05,1.52877E-04,5.70276E-05,1.76134E-04,6.73894E-05,1.46247E-04,8.56796E-05,1.59846E-04,8.64957E-05,1.62208E-04,8.87034E-05,1.61712E-04,8.66539E-05,1.58721E-04,9.09998E-05,1.63456E-04,8.52608E-05,1.58801E-04,8.51215E-05,1.58952E-04,9.04101E-05,1.61894E-04,8.36800E-05,1.58731E-04,8.23506E-05,1.58044E-04,8.64736E-05,1.63954E-04,8.14949E-05,1.59227E-04,8.29653E-05,1.60828E-04,8.14987E-05,1.62873E-04,8.42987E-05,