seed = 294146164;
pop = 1750;
Inactive_Cycles = 1000;
Active_Cycles = 2600;
Total_CPU_Time = 2.12250E+03;
Total_Transport_Time = 1.98934E+02;
Time_Per_Integration = 3.43732E-09;
Clock_Time = 2.09688E+02;
keff_keff = [ 1.18680E+00,1.50922E-04];
fissionRate_fissionRate = reshape([ 9.07763E-05,5.14375E-04,8.97587E-05,5.07411E-04,8.91683E-05,5.01762E-04,8.90146E-05,5.01069E-04,8.92228E-05,5.01631E-04,8.91304E-05,5.04895E-04,8.84134E-05,5.04991E-04,8.75721E-05,5.06583E-04,8.65664E-05,5.03065E-04,8.58427E-05,5.01015E-04,8.43550E-05,4.98536E-04,8.39845E-05,4.98350E-04,8.19011E-05,5.05626E-04,8.05174E-05,5.02917E-04,8.01677E-05,5.04545E-04,8.20219E-05,4.94738E-04,8.73370E-05,4.88881E-04,7.61678E-05,4.47684E-04,8.01304E-05,4.41160E-04,8.10725E-05,4.42465E-04,8.05988E-05,4.37783E-04,7.91713E-05,4.42656E-04,7.71389E-05,4.37678E-04,7.36331E-05,4.40653E-04,7.03701E-05,4.39298E-04,6.66783E-05,4.39418E-04,6.24066E-05,4.43239E-04,5.86985E-05,4.39913E-04,5.44836E-05,4.39768E-04,4.98734E-05,4.42233E-04,4.57941E-05,4.39205E-04,4.21772E-05,4.39406E-04,4.06034E-05,4.39442E-04,4.37226E-05,4.52203E-04,6.21924E-05,4.07075E-04,7.85267E-05,4.46762E-04,7.71261E-05,4.46442E-04,7.79711E-05,4.42864E-04,7.94150E-05,4.48637E-04,8.33636E-05,4.50827E-04,7.82230E-05,4.48326E-04,7.71148E-05,4.53753E-04,8.08683E-05,4.52901E-04,7.59258E-05,4.48571E-04,7.54059E-05,4.49291E-04,7.84963E-05,4.47018E-04,7.32393E-05,4.47610E-04,7.07365E-05,4.46450E-04,6.97627E-05,4.48165E-04,7.30119E-05,4.54468E-04,6.39691E-05,4.15142E-04,5.96316E-05,3.66842E-04,6.45931E-05,3.71553E-04,6.65727E-05,3.71092E-04,6.75863E-05,3.73597E-04,6.74429E-05,3.78086E-04,6.75720E-05,3.82600E-04,6.26611E-05,3.79682E-04,5.99525E-05,3.75591E-04,5.85774E-05,3.83365E-04,5.34719E-05,3.79508E-04,4.97626E-05,3.82712E-04,4.77770E-05,3.87071E-04,4.28889E-05,3.80559E-04,3.89457E-05,3.81640E-04,3.59748E-05,3.79248E-04,3.53734E-05,3.92475E-04,4.03629E-05,4.42558E-04,5.69332E-05,3.70098E-04,7.11939E-05,3.99277E-04,7.22938E-05,4.08617E-04,7.77981E-05,4.19997E-04,7.78802E-05,4.23837E-04,0.00000E+00,0.00000E+00,7.37796E-05,4.15603E-04,7.27454E-05,4.14115E-04,0.00000E+00,0.00000E+00,7.13507E-05,4.14899E-04,7.08165E-05,4.13883E-04,0.00000E+00,0.00000E+00,7.26285E-05,4.19440E-04,7.07684E-05,4.17290E-04,6.52557E-05,4.04970E-04,6.67381E-05,4.09239E-04,6.02243E-05,3.90782E-04,5.66457E-05,3.34006E-04,6.30017E-05,3.45244E-04,6.67814E-05,3.54942E-04,7.03406E-05,3.67540E-04,7.02362E-05,3.68798E-04,0.00000E+00,0.00000E+00,6.44915E-05,3.70704E-04,6.14139E-05,3.68542E-04,0.00000E+00,0.00000E+00,5.48252E-05,3.72844E-04,5.12950E-05,3.66481E-04,0.00000E+00,0.00000E+00,4.50832E-05,3.74466E-04,4.12280E-05,3.75357E-04,3.69964E-05,3.72109E-04,3.60008E-05,3.81837E-04,4.20468E-05,4.40176E-04,6.01969E-05,3.61984E-04,7.63966E-05,3.98230E-04,8.22816E-05,4.13246E-04,0.00000E+00,0.00000E+00,8.17531E-05,4.11827E-04,8.72703E-05,4.20430E-04,7.90012E-05,4.03872E-04,7.77696E-05,4.02358E-04,8.17985E-05,4.14729E-04,7.60107E-05,4.02020E-04,7.55784E-05,4.04651E-04,8.14981E-05,4.18973E-04,7.49079E-05,4.06829E-04,0.00000E+00,0.00000E+00,7.41576E-05,4.10402E-04,7.14715E-05,4.07506E-04,6.39859E-05,3.83911E-04,5.95137E-05,3.30482E-04,6.69428E-05,3.42078E-04,7.41953E-05,3.60260E-04,0.00000E+00,0.00000E+00,7.48140E-05,3.64267E-04,7.17552E-05,3.64700E-04,6.56487E-05,3.54224E-04,6.21632E-05,3.55657E-04,6.12136E-05,3.61926E-04,5.54934E-05,3.57507E-04,5.19185E-05,3.55643E-04,5.08983E-05,3.61682E-04,4.74595E-05,3.69006E-04,0.00000E+00,0.00000E+00,4.12035E-05,3.76899E-04,3.90587E-05,3.81725E-04,4.57522E-05,4.41125E-04,6.61535E-05,3.62920E-04,8.62133E-05,4.02651E-04,9.21131E-05,4.16830E-04,8.88913E-05,4.10109E-04,9.26762E-05,4.08615E-04,9.35364E-05,4.20159E-04,8.49169E-05,4.00274E-04,8.33759E-05,3.99859E-04,8.90162E-05,4.18276E-04,8.20813E-05,4.01179E-04,8.12096E-05,4.00770E-04,8.77083E-05,4.21068E-04,8.48517E-05,4.08848E-04,8.01244E-05,4.09309E-04,8.28554E-05,4.16941E-04,7.98645E-05,4.08292E-04,6.97765E-05,3.85402E-04,6.49369E-05,3.29039E-04,7.37009E-05,3.44133E-04,8.10703E-05,3.60158E-04,8.20703E-05,3.56620E-04,7.79553E-05,3.54950E-04,7.68861E-05,3.66978E-04,7.06071E-05,3.53781E-04,6.72000E-05,3.50038E-04,6.58742E-05,3.64845E-04,5.98884E-05,3.54880E-04,5.59387E-05,3.53900E-04,5.46407E-05,3.67161E-04,4.96565E-05,3.56003E-04,4.76628E-05,3.67014E-04,4.50411E-05,3.73897E-04,4.30149E-05,3.82714E-04,5.01571E-05,4.37207E-04,7.31026E-05,3.65684E-04,9.94253E-05,4.08223E-04,0.00000E+00,0.00000E+00,1.06643E-04,4.18988E-04,1.02536E-04,4.14888E-04,0.00000E+00,0.00000E+00,9.90105E-05,4.11330E-04,9.72872E-05,4.09858E-04,0.00000E+00,0.00000E+00,9.53471E-05,4.10884E-04,9.39458E-05,4.09454E-04,0.00000E+00,0.00000E+00,9.40029E-05,4.11701E-04,9.52874E-05,4.16751E-04,0.00000E+00,0.00000E+00,9.18897E-05,4.15649E-04,7.61579E-05,3.81596E-04,7.12220E-05,3.30172E-04,8.29514E-05,3.49897E-04,0.00000E+00,0.00000E+00,8.80497E-05,3.55592E-04,8.53905E-05,3.58132E-04,0.00000E+00,0.00000E+00,7.92108E-05,3.60686E-04,7.52798E-05,3.57566E-04,0.00000E+00,0.00000E+00,6.72931E-05,3.62026E-04,6.26323E-05,3.58122E-04,0.00000E+00,0.00000E+00,5.46480E-05,3.66885E-04,5.08136E-05,3.63256E-04,0.00000E+00,0.00000E+00,4.79163E-05,3.85468E-04,5.45001E-05,4.37815E-04,7.91534E-05,3.65421E-04,1.01861E-04,3.96982E-04,1.03863E-04,4.01746E-04,1.05761E-04,3.99609E-04,1.02532E-04,3.93701E-04,1.07758E-04,4.07479E-04,1.00029E-04,3.92427E-04,9.87285E-05,3.93486E-04,1.04217E-04,4.05492E-04,9.65020E-05,3.95183E-04,9.48211E-05,3.93193E-04,1.00117E-04,4.07429E-04,9.34029E-05,3.96463E-04,9.46158E-05,3.97142E-04,9.25693E-05,4.00757E-04,9.41712E-05,4.05523E-04,8.19789E-05,3.83598E-04,7.65024E-05,3.26748E-04,8.62551E-05,3.38376E-04,9.30903E-05,3.50093E-04,9.01285E-05,3.49944E-04,8.84149E-05,3.47933E-04,8.89700E-05,3.55406E-04,8.16587E-05,3.52949E-04,7.78861E-05,3.48845E-04,7.67458E-05,3.57522E-04,6.93128E-05,3.50904E-04,6.47384E-05,3.48616E-04,6.24855E-05,3.58537E-04,5.59485E-05,3.55048E-04,5.17595E-05,3.54805E-04,5.11495E-05,3.65099E-04,4.97872E-05,3.77139E-04,5.85145E-05,4.40073E-04,8.60319E-05,3.61141E-04,1.10924E-04,4.00974E-04,1.14677E-04,4.10223E-04,1.14813E-04,4.01353E-04,1.11887E-04,4.02100E-04,1.19031E-04,4.17330E-04,1.09296E-04,3.97692E-04,1.07984E-04,3.96765E-04,1.14579E-04,4.15694E-04,1.04924E-04,4.00234E-04,1.03568E-04,3.98924E-04,1.09789E-04,4.17239E-04,1.01965E-04,3.98580E-04,1.02454E-04,4.00880E-04,1.01075E-04,4.12804E-04,1.01397E-04,4.04648E-04,8.84964E-05,3.82880E-04,8.26431E-05,3.25605E-04,9.30587E-05,3.39579E-04,1.00432E-04,3.53157E-04,9.68610E-05,3.46508E-04,9.45498E-05,3.48799E-04,9.57378E-05,3.58702E-04,8.76624E-05,3.52720E-04,8.36962E-05,3.49289E-04,8.23239E-05,3.63459E-04,7.43226E-05,3.52990E-04,6.93222E-05,3.50986E-04,6.72187E-05,3.58815E-04,5.98758E-05,3.53174E-04,5.54726E-05,3.53770E-04,5.50138E-05,3.71455E-04,5.34188E-05,3.79983E-04,6.26996E-05,4.38993E-04,9.37990E-05,3.61086E-04,1.26596E-04,4.08227E-04,0.00000E+00,0.00000E+00,1.32266E-04,4.17134E-04,1.29013E-04,4.13028E-04,0.00000E+00,0.00000E+00,1.25950E-04,4.05782E-04,1.24655E-04,4.08431E-04,3.06624E-09,1.49078E-04,1.21613E-04,4.08715E-04,1.19513E-04,4.09967E-04,0.00000E+00,0.00000E+00,1.17091E-04,4.08106E-04,1.17920E-04,4.15955E-04,0.00000E+00,0.00000E+00,1.14688E-04,4.14604E-04,9.58026E-05,3.79395E-04,8.90390E-05,3.26273E-04,1.02461E-04,3.50532E-04,0.00000E+00,0.00000E+00,1.06697E-04,3.57374E-04,1.04805E-04,3.55848E-04,0.00000E+00,0.00000E+00,9.75255E-05,3.57646E-04,9.25447E-05,3.58299E-04,2.43206E-09,1.00348E-04,8.24394E-05,3.60364E-04,7.64364E-05,3.58001E-04,0.00000E+00,0.00000E+00,6.58491E-05,3.63104E-04,6.12075E-05,3.61467E-04,0.00000E+00,0.00000E+00,5.85992E-05,3.82601E-04,6.67716E-05,4.36830E-04,9.96757E-05,3.60444E-04,1.28376E-04,4.00476E-04,1.31333E-04,3.99993E-04,1.33019E-04,4.01103E-04,1.29308E-04,3.95672E-04,1.36615E-04,4.05310E-04,1.26251E-04,3.92607E-04,1.24570E-04,3.94951E-04,1.31100E-04,4.04125E-04,1.20860E-04,3.95755E-04,1.19460E-04,3.90847E-04,1.25561E-04,4.02935E-04,1.16707E-04,3.96207E-04,1.17460E-04,3.99494E-04,1.15297E-04,3.98964E-04,1.15778E-04,