seed = -193807597;
pop = 1750;
Inactive_Cycles = 1000;
Active_Cycles = 2600;
Total_CPU_Time = 2.17323E+03;
Total_Transport_Time = 2.18050E+02;
Time_Per_Integration = 3.76737E-09;
Clock_Time = 2.37781E+02;
keff_keff = [ 1.18661E+00,4.31050E-05];
fissionRate_fissionRate = reshape([ 6.88039E-05,1.26365E-04,6.84994E-05,1.21252E-04,6.83871E-05,1.21016E-04,6.82187E-05,1.22023E-04,6.78885E-05,1.16905E-04,6.75955E-05,1.16711E-04,6.71891E-05,1.14419E-04,6.68136E-05,1.14913E-04,6.62387E-05,1.14018E-04,6.56240E-05,1.11565E-04,6.43412E-05,1.16199E-04,6.34656E-05,1.16667E-04,6.26780E-05,1.13828E-04,6.18284E-05,1.14462E-04,6.08889E-05,1.14224E-04,5.96406E-05,1.12583E-04,5.85573E-05,1.12292E-04,3.80268E-05,1.20927E-04,3.73942E-05,1.17973E-04,3.64762E-05,1.22037E-04,3.54498E-05,1.21218E-04,3.42563E-05,1.20551E-04,3.29473E-05,1.22857E-04,3.13840E-05,1.23671E-04,2.98901E-05,1.24747E-04,2.82160E-05,1.26546E-04,2.65430E-05,1.26783E-04,2.47024E-05,1.29751E-04,2.29145E-05,1.31640E-04,2.11162E-05,1.29483E-04,1.91223E-05,1.33060E-04,1.70400E-05,1.39606E-04,1.48291E-05,1.52773E-04,1.22133E-05,1.81668E-04,8.29381E-05,9.83149E-05,1.19497E-04,9.65312E-05,1.19355E-04,9.56185E-05,1.18769E-04,9.54867E-05,1.18432E-04,9.18131E-05,1.17410E-04,8.97616E-05,1.17096E-04,8.91094E-05,1.15932E-04,8.90257E-05,1.14535E-04,8.52651E-05,1.13485E-04,8.60464E-05,1.12022E-04,8.99354E-05,1.09922E-04,8.87246E-05,1.08752E-04,8.77200E-05,1.07127E-04,8.73948E-05,1.05466E-04,8.63075E-05,1.03528E-04,8.79001E-05,7.04879E-05,8.24181E-05,4.56782E-05,9.14278E-05,4.47476E-05,9.06723E-05,4.36835E-05,9.27383E-05,4.23553E-05,9.31671E-05,4.08134E-05,9.45154E-05,3.90981E-05,9.38214E-05,3.75120E-05,9.43320E-05,3.56711E-05,9.58388E-05,3.35017E-05,9.71654E-05,3.17544E-05,9.97579E-05,2.96490E-05,1.01415E-04,2.71311E-05,1.01492E-04,2.50752E-05,1.01758E-04,2.28948E-05,1.05771E-04,2.05507E-05,1.12218E-04,1.78594E-05,1.21957E-04,1.49067E-05,1.50827E-04,9.59023E-05,8.43785E-05,1.37663E-04,8.16381E-05,1.37205E-04,8.10173E-05,1.36276E-04,8.03357E-05,1.36049E-04,7.93463E-05,0.00000E+00,0.00000E+00,1.34146E-04,7.69575E-05,1.33322E-04,7.53650E-05,0.00000E+00,0.00000E+00,1.30023E-04,7.52115E-05,1.28626E-04,7.72385E-05,0.00000E+00,0.00000E+00,1.24543E-04,7.43914E-05,1.23207E-04,7.14034E-05,1.20741E-04,7.25486E-05,1.18752E-04,7.35520E-05,8.08536E-05,6.98696E-05,5.25116E-05,7.93618E-05,5.12941E-05,7.83068E-05,4.98387E-05,8.09178E-05,4.80167E-05,8.19243E-05,4.65197E-05,8.42747E-05,0.00000E+00,0.00000E+00,4.24270E-05,8.52931E-05,4.08844E-05,8.72738E-05,0.00000E+00,0.00000E+00,3.61905E-05,8.90084E-05,3.37165E-05,9.05115E-05,0.00000E+00,0.00000E+00,2.86055E-05,9.27800E-05,2.59723E-05,9.47380E-05,2.35416E-05,9.98781E-05,2.06316E-05,1.10083E-04,1.71223E-05,1.38326E-04,1.07654E-04,7.50191E-05,1.54609E-04,7.56023E-05,1.54031E-04,7.38264E-05,0.00000E+00,0.00000E+00,1.53573E-04,7.15329E-05,1.79550E-04,7.34726E-05,1.78864E-04,7.14710E-05,1.78029E-04,6.86783E-05,1.74642E-04,7.13093E-05,1.73495E-04,6.76041E-05,1.71776E-04,6.93506E-05,1.68048E-04,7.06619E-05,1.40264E-04,6.82287E-05,0.00000E+00,0.00000E+00,1.35101E-04,6.65512E-05,1.33004E-04,6.76648E-05,9.09771E-05,6.29119E-05,5.89031E-05,7.16532E-05,5.74584E-05,7.34980E-05,5.55947E-05,7.51125E-05,0.00000E+00,0.00000E+00,5.19604E-05,7.72519E-05,4.97095E-05,7.98598E-05,4.80653E-05,7.66021E-05,4.58077E-05,7.78757E-05,4.32883E-05,8.17643E-05,4.07146E-05,8.00621E-05,3.79253E-05,8.05711E-05,3.49338E-05,8.64368E-05,3.21198E-05,8.91743E-05,0.00000E+00,0.00000E+00,2.60087E-05,9.53890E-05,2.28035E-05,1.05320E-04,1.91756E-05,1.33864E-04,1.19403E-04,6.87554E-05,1.70625E-04,7.04560E-05,1.70962E-04,6.80859E-05,1.71297E-04,6.92314E-05,2.01521E-04,6.69330E-05,2.00382E-04,6.54892E-05,1.98556E-04,6.38865E-05,1.98073E-04,6.11691E-05,1.95168E-04,6.22604E-05,1.93177E-04,6.17344E-05,1.90248E-04,6.22296E-05,1.87172E-04,6.17915E-05,1.83596E-04,6.41267E-05,1.52468E-04,6.43267E-05,1.49136E-04,6.22477E-05,1.47306E-04,6.21713E-05,1.00452E-04,5.74944E-05,6.50217E-05,6.80387E-05,6.37282E-05,6.80979E-05,6.11604E-05,6.96834E-05,5.94941E-05,7.25370E-05,5.75826E-05,7.14387E-05,5.50413E-05,7.21431E-05,5.29924E-05,7.08177E-05,5.04593E-05,7.34390E-05,4.75791E-05,7.48379E-05,4.48426E-05,7.40527E-05,4.19064E-05,7.55593E-05,3.85269E-05,7.91183E-05,3.55074E-05,8.23085E-05,3.22414E-05,8.85719E-05,2.85933E-05,9.27020E-05,2.52593E-05,1.03163E-04,2.11733E-05,1.29759E-04,1.31038E-04,6.45479E-05,1.87908E-04,6.78358E-05,0.00000E+00,0.00000E+00,2.22818E-04,6.45016E-05,2.21915E-04,6.22955E-05,0.00000E+00,0.00000E+00,2.18202E-04,5.98321E-05,2.16858E-04,5.90819E-05,0.00000E+00,0.00000E+00,2.11809E-04,5.85617E-05,2.08279E-04,5.90769E-05,0.00000E+00,0.00000E+00,2.02426E-04,5.90561E-05,1.97578E-04,6.17576E-05,0.00000E+00,0.00000E+00,1.60549E-04,5.91018E-05,1.10034E-04,5.36391E-05,7.12490E-05,6.42203E-05,6.94562E-05,6.84137E-05,0.00000E+00,0.00000E+00,6.48963E-05,6.80508E-05,6.30995E-05,7.02815E-05,0.00000E+00,0.00000E+00,5.75498E-05,6.87222E-05,5.48634E-05,7.25571E-05,0.00000E+00,0.00000E+00,4.85678E-05,7.25847E-05,4.56713E-05,7.51627E-05,0.00000E+00,0.00000E+00,3.86132E-05,7.85523E-05,3.51074E-05,8.56226E-05,0.00000E+00,0.00000E+00,2.73080E-05,9.97395E-05,2.30487E-05,1.26350E-04,1.43568E-04,6.10461E-05,2.07140E-04,6.27960E-05,2.06244E-04,6.17926E-05,2.44082E-04,5.97472E-05,2.43221E-04,5.85979E-05,2.40785E-04,6.03407E-05,2.40548E-04,5.60103E-05,2.38133E-04,5.49034E-05,2.33917E-04,5.72225E-05,2.31663E-04,5.52888E-05,2.28553E-04,5.51704E-05,2.23836E-04,5.78219E-05,2.21305E-04,5.55384E-05,2.16406E-04,5.55018E-05,1.78885E-04,5.57135E-05,1.74617E-04,5.56997E-05,1.19452E-04,5.12114E-05,7.73920E-05,6.20002E-05,7.56309E-05,6.32917E-05,7.29460E-05,6.49436E-05,7.09374E-05,6.29493E-05,6.85393E-05,6.42620E-05,6.54185E-05,6.76842E-05,6.28179E-05,6.52946E-05,5.95544E-05,6.64533E-05,5.61384E-05,7.09415E-05,5.28057E-05,6.83080E-05,4.93561E-05,6.98367E-05,4.55377E-05,7.56830E-05,4.20618E-05,7.57174E-05,3.80472E-05,7.97968E-05,3.37396E-05,8.91167E-05,2.94935E-05,9.75297E-05,2.47407E-05,1.22151E-04,1.55248E-04,5.88488E-05,2.24631E-04,5.86753E-05,2.24161E-04,5.57545E-05,2.65521E-04,5.61879E-05,2.63698E-04,5.48845E-05,2.62045E-04,5.35506E-05,2.59619E-04,5.26543E-05,2.57834E-04,5.15490E-05,2.53227E-04,5.14998E-05,2.51091E-04,5.13683E-05,2.47746E-04,5.18229E-05,2.42913E-04,5.17688E-05,2.38943E-04,5.10385E-05,2.34203E-04,5.11593E-05,1.93056E-04,5.10379E-05,1.89085E-04,5.12447E-05,1.28445E-04,4.83258E-05,8.37466E-05,6.02941E-05,8.13645E-05,5.95956E-05,7.82982E-05,6.10175E-05,7.63627E-05,6.01735E-05,7.34650E-05,6.21896E-05,7.01203E-05,6.32630E-05,6.72833E-05,6.25560E-05,6.40205E-05,6.36954E-05,6.00353E-05,6.64851E-05,5.68193E-05,6.61433E-05,5.28916E-05,6.86814E-05,4.85894E-05,7.17746E-05,4.50451E-05,7.28146E-05,4.08592E-05,7.71592E-05,3.61440E-05,8.49752E-05,3.16291E-05,9.46713E-05,2.65844E-05,1.21115E-04,1.68249E-04,5.60910E-05,2.42249E-04,5.78048E-05,0.00000E+00,0.00000E+00,2.85440E-04,5.50330E-05,2.83885E-04,5.25518E-05,0.00000E+00,0.00000E+00,2.80426E-04,5.11537E-05,2.77082E-04,5.14488E-05,2.22218E-09,6.66965E-05,2.69965E-04,5.06920E-05,2.66264E-04,5.12844E-05,0.00000E+00,0.00000E+00,2.55471E-04,4.97629E-05,2.50235E-04,5.10470E-05,0.00000E+00,0.00000E+00,2.02014E-04,5.01410E-05,1.38235E-04,4.55558E-05,8.94500E-05,5.78322E-05,8.65054E-05,6.09805E-05,0.00000E+00,0.00000E+00,8.11070E-05,6.10717E-05,7.83585E-05,6.20182E-05,0.00000E+00,0.00000E+00,7.14012E-05,6.24874E-05,6.82497E-05,6.47064E-05,1.43668E-09,7.88582E-05,6.03720E-05,6.49810E-05,5.61668E-05,6.83598E-05,0.00000E+00,0.00000E+00,4.73881E-05,7.25447E-05,4.31956E-05,7.86952E-05,0.00000E+00,0.00000E+00,3.34407E-05,9.33302E-05,2.81580E-05,1.20228E-04,1.80782E-04,5.43864E-05,2.59734E-04,5.49016E-05,2.60274E-04,5.32506E-05,3.08544E-04,5.13858E-05,3.07161E-04,5.01584E-05,3.03354E-04,5.22158E-05,3.02591E-04,4.88775E-05,2.98726E-04,4.85539E-05,2.93182E-04,4.98989E-05,2.90184E-04,4.82304E-05,2.85308E-04,4.87787E-05,2.80136E-04,4.94590E-05,2.75210E-04,4.63956E-05,2.69106E-04,4.70386E-05,2.21738E-04,4.83651E-05,2.17172E-04,