seed = -422581448;
pop = 1750;
Inactive_Cycles = 1000;
Active_Cycles = 2600;
Total_CPU_Time = 1.94691E+03;
Total_Transport_Time = 1.78385E+02;
Time_Per_Integration = 3.08209E-09;
Clock_Time = 1.90003E+02;
keff_keff = [ 1.18645E+00,1.49756E-04];
fissionRate_fissionRate = reshape([ 9.12227E-05,5.09934E-04,8.97493E-05,5.02725E-04,8.90558E-05,5.11360E-04,8.90238E-05,5.05198E-04,8.96433E-05,5.02296E-04,8.99540E-05,5.00718E-04,8.87306E-05,5.03610E-04,8.78049E-05,5.08490E-04,8.72758E-05,5.00101E-04,8.53210E-05,5.00219E-04,8.44481E-05,5.03584E-04,8.36847E-05,4.99127E-04,8.22382E-05,5.03609E-04,8.05422E-05,5.02450E-04,8.01465E-05,5.01709E-04,8.12577E-05,5.01722E-04,8.73710E-05,4.89809E-04,7.59890E-05,4.51399E-04,8.02296E-05,4.39953E-04,8.10165E-05,4.37311E-04,8.06008E-05,4.39255E-04,7.89697E-05,4.37342E-04,7.70779E-05,4.35625E-04,7.34662E-05,4.35346E-04,6.98892E-05,4.38738E-04,6.65977E-05,4.36302E-04,6.27705E-05,4.38265E-04,5.85698E-05,4.40521E-04,5.44169E-05,4.35653E-04,4.97998E-05,4.35972E-04,4.58456E-05,4.36774E-04,4.22968E-05,4.36434E-04,4.04888E-05,4.36864E-04,4.37817E-05,4.53256E-04,6.22840E-05,4.06945E-04,7.84240E-05,4.50405E-04,7.71027E-05,4.47007E-04,7.81968E-05,4.46085E-04,8.02709E-05,4.48753E-04,8.38950E-05,4.53356E-04,7.86826E-05,4.50703E-04,7.74417E-05,4.47688E-04,8.07779E-05,4.49671E-04,7.58088E-05,4.49110E-04,7.50548E-05,4.49223E-04,7.84038E-05,4.48922E-04,7.32295E-05,4.50464E-04,7.05452E-05,4.46993E-04,6.97214E-05,4.48409E-04,7.26917E-05,4.49302E-04,6.38496E-05,4.12807E-04,5.92067E-05,3.69055E-04,6.42779E-05,3.71778E-04,6.65569E-05,3.70384E-04,6.73049E-05,3.73225E-04,6.71432E-05,3.77860E-04,6.73099E-05,3.85309E-04,6.24233E-05,3.80133E-04,5.94470E-05,3.77082E-04,5.83561E-05,3.83077E-04,5.34425E-05,3.76791E-04,5.00492E-05,3.77330E-04,4.78981E-05,3.82774E-04,4.27079E-05,3.82479E-04,3.90475E-05,3.77216E-04,3.60798E-05,3.81951E-04,3.54719E-05,3.93396E-04,4.06104E-05,4.40256E-04,5.72912E-05,3.70289E-04,7.14236E-05,4.01159E-04,7.22106E-05,4.08709E-04,7.81100E-05,4.18930E-04,7.85756E-05,4.19639E-04,0.00000E+00,0.00000E+00,7.42050E-05,4.10751E-04,7.31002E-05,4.10786E-04,0.00000E+00,0.00000E+00,7.14588E-05,4.14961E-04,7.07505E-05,4.14716E-04,0.00000E+00,0.00000E+00,7.18817E-05,4.20281E-04,7.03528E-05,4.19331E-04,6.50411E-05,4.04972E-04,6.67723E-05,4.13270E-04,6.01378E-05,3.90414E-04,5.65522E-05,3.36863E-04,6.25799E-05,3.47443E-04,6.66183E-05,3.58530E-04,7.05422E-05,3.66059E-04,7.00788E-05,3.67094E-04,0.00000E+00,0.00000E+00,6.44882E-05,3.69867E-04,6.11398E-05,3.65285E-04,0.00000E+00,0.00000E+00,5.49822E-05,3.70605E-04,5.13552E-05,3.65559E-04,0.00000E+00,0.00000E+00,4.50034E-05,3.75916E-04,4.11425E-05,3.74605E-04,3.68989E-05,3.69934E-04,3.61008E-05,3.82810E-04,4.23787E-05,4.37004E-04,6.01036E-05,3.64517E-04,7.66266E-05,3.99998E-04,8.26413E-05,4.11003E-04,0.00000E+00,0.00000E+00,8.16184E-05,4.09749E-04,8.74353E-05,4.19215E-04,7.97812E-05,4.00648E-04,7.80819E-05,4.00908E-04,8.23086E-05,4.14221E-04,7.62023E-05,3.99917E-04,7.59102E-05,4.04318E-04,8.15413E-05,4.17617E-04,7.47144E-05,4.10528E-04,0.00000E+00,0.00000E+00,7.38807E-05,4.12704E-04,7.11658E-05,4.07431E-04,6.36810E-05,3.87855E-04,5.95142E-05,3.29691E-04,6.67614E-05,3.41824E-04,7.40874E-05,3.59110E-04,0.00000E+00,0.00000E+00,7.46951E-05,3.62611E-04,7.14431E-05,3.63205E-04,6.57999E-05,3.54609E-04,6.22910E-05,3.54719E-04,6.13087E-05,3.60734E-04,5.54840E-05,3.57148E-04,5.19664E-05,3.56723E-04,5.06496E-05,3.63894E-04,4.75822E-05,3.65184E-04,0.00000E+00,0.00000E+00,4.12656E-05,3.76798E-04,3.91036E-05,3.78102E-04,4.58878E-05,4.38582E-04,6.63571E-05,3.65415E-04,8.60830E-05,4.02526E-04,9.19192E-05,4.17729E-04,8.89327E-05,4.09832E-04,9.27909E-05,4.10878E-04,9.41913E-05,4.19192E-04,8.52830E-05,3.99265E-04,8.40848E-05,3.94084E-04,8.91660E-05,4.16461E-04,8.19808E-05,3.98761E-04,8.13127E-05,3.98077E-04,8.77565E-05,4.19489E-04,8.48871E-05,4.10172E-04,8.02375E-05,4.08153E-04,8.23171E-05,4.15850E-04,7.94748E-05,4.08535E-04,6.94404E-05,3.83997E-04,6.46726E-05,3.27668E-04,7.35786E-05,3.42076E-04,8.11509E-05,3.59671E-04,8.15981E-05,3.58264E-04,7.76224E-05,3.55599E-04,7.70585E-05,3.63167E-04,7.07059E-05,3.53472E-04,6.69812E-05,3.50221E-04,6.60960E-05,3.63387E-04,5.97526E-05,3.56902E-04,5.57688E-05,3.50803E-04,5.45658E-05,3.62269E-04,4.94405E-05,3.62408E-04,4.76103E-05,3.65527E-04,4.49275E-05,3.75166E-04,4.29900E-05,3.83192E-04,4.99771E-05,4.42508E-04,7.33881E-05,3.64635E-04,9.99220E-05,4.07205E-04,0.00000E+00,0.00000E+00,1.06536E-04,4.19303E-04,1.02800E-04,4.13763E-04,0.00000E+00,0.00000E+00,9.90043E-05,4.12411E-04,9.76111E-05,4.09846E-04,0.00000E+00,0.00000E+00,9.52426E-05,4.11380E-04,9.41955E-05,4.07846E-04,0.00000E+00,0.00000E+00,9.35801E-05,4.13692E-04,9.53694E-05,4.17770E-04,0.00000E+00,0.00000E+00,9.14819E-05,4.15376E-04,7.63466E-05,3.80924E-04,7.09163E-05,3.29268E-04,8.26302E-05,3.52712E-04,0.00000E+00,0.00000E+00,8.80028E-05,3.54477E-04,8.57731E-05,3.53172E-04,0.00000E+00,0.00000E+00,7.87245E-05,3.60439E-04,7.47679E-05,3.55607E-04,0.00000E+00,0.00000E+00,6.69027E-05,3.62445E-04,6.24298E-05,3.56746E-04,0.00000E+00,0.00000E+00,5.46950E-05,3.63795E-04,5.09479E-05,3.62574E-04,0.00000E+00,0.00000E+00,4.78911E-05,3.83327E-04,5.47210E-05,4.39497E-04,7.93067E-05,3.64292E-04,1.02214E-04,3.98390E-04,1.04265E-04,4.00182E-04,1.06031E-04,4.01444E-04,1.03125E-04,3.93932E-04,1.08761E-04,4.04597E-04,1.00073E-04,3.93818E-04,9.87950E-05,3.91604E-04,1.04606E-04,4.08063E-04,9.61462E-05,3.91721E-04,9.50359E-05,3.93826E-04,1.00560E-04,4.06338E-04,9.33481E-05,3.95773E-04,9.46355E-05,4.00030E-04,9.27632E-05,4.01651E-04,9.33958E-05,4.07017E-04,8.20810E-05,3.82929E-04,7.66323E-05,3.27114E-04,8.60380E-05,3.37864E-04,9.30778E-05,3.50216E-04,8.98348E-05,3.47516E-04,8.79937E-05,3.48094E-04,8.84670E-05,3.56283E-04,8.14573E-05,3.51231E-04,7.76851E-05,3.49797E-04,7.65514E-05,3.52673E-04,6.90310E-05,3.49259E-04,6.45108E-05,3.50556E-04,6.25328E-05,3.56283E-04,5.56961E-05,3.52974E-04,5.19381E-05,3.54343E-04,5.12386E-05,3.65126E-04,4.99569E-05,3.77572E-04,5.85442E-05,4.41010E-04,8.65907E-05,3.61268E-04,1.11429E-04,3.97798E-04,1.14802E-04,4.10513E-04,1.15540E-04,4.01560E-04,1.12363E-04,3.95973E-04,1.19258E-04,4.14594E-04,1.09063E-04,3.97440E-04,1.07785E-04,3.97018E-04,1.14539E-04,4.13438E-04,1.05704E-04,3.94529E-04,1.03724E-04,3.92010E-04,1.09656E-04,4.16932E-04,1.01754E-04,3.98787E-04,1.02465E-04,3.99825E-04,1.01021E-04,4.09516E-04,1.01028E-04,4.09188E-04,8.84369E-05,3.83951E-04,8.24046E-05,3.25087E-04,9.28617E-05,3.40492E-04,1.00692E-04,3.53886E-04,9.62717E-05,3.49326E-04,9.44873E-05,3.51272E-04,9.52289E-05,3.60133E-04,8.74098E-05,3.51221E-04,8.29951E-05,3.51791E-04,8.20644E-05,3.62060E-04,7.39665E-05,3.52012E-04,6.91048E-05,3.51888E-04,6.71545E-05,3.63070E-04,5.97383E-05,3.54600E-04,5.52625E-05,3.55814E-04,5.47772E-05,3.72901E-04,5.34801E-05,3.76543E-04,6.27881E-05,4.38684E-04,9.42331E-05,3.63757E-04,1.27058E-04,4.10487E-04,0.00000E+00,0.00000E+00,1.33069E-04,4.17328E-04,1.29126E-04,4.09101E-04,0.00000E+00,0.00000E+00,1.26363E-04,4.14568E-04,1.24431E-04,4.08657E-04,3.06380E-09,1.49532E-04,1.21594E-04,4.09756E-04,1.19117E-04,4.11129E-04,0.00000E+00,0.00000E+00,1.17062E-04,4.09968E-04,1.17695E-04,4.15978E-04,0.00000E+00,0.00000E+00,1.15486E-04,4.11801E-04,9.54995E-05,3.81465E-04,8.84328E-05,3.24322E-04,1.02870E-04,3.48067E-04,0.00000E+00,0.00000E+00,1.06769E-04,3.57547E-04,1.04817E-04,3.54547E-04,0.00000E+00,0.00000E+00,9.68440E-05,3.58075E-04,9.20579E-05,3.54616E-04,2.42102E-09,1.00650E-04,8.17435E-05,3.59743E-04,7.63738E-05,3.56330E-04,0.00000E+00,0.00000E+00,6.60490E-05,3.64836E-04,6.10420E-05,3.59394E-04,0.00000E+00,0.00000E+00,5.84909E-05,3.85350E-04,6.69698E-05,4.33854E-04,1.00428E-04,3.62884E-04,1.28670E-04,3.95934E-04,1.31988E-04,4.01719E-04,1.34124E-04,3.98432E-04,1.30003E-04,3.96147E-04,1.36828E-04,4.02559E-04,1.26048E-04,3.94869E-04,1.24751E-04,3.93633E-04,1.31583E-04,4.03714E-04,1.21013E-04,3.98042E-04,1.19598E-04,3.92904E-04,1.25457E-04,4.04117E-04,1.16718E-04,3.95075E-04,1.17175E-04,3.99077E-04,1.15038E-04,4.03590E-04,1.15802E-04,