seed = -219387794;
pop = 1750;
Inactive_Cycles = 1000;
Active_Cycles = 2600;
Total_CPU_Time = 4.25774E+03;
Total_Transport_Time = 4.21629E+02;
Time_Per_Integration = 7.28529E-09;
Clock_Time = 4.42006E+02;
keff_keff = [ 1.18639E+00,1.62982E-04];
fissionRate_fissionRate = reshape([ 9.00372E-05,6.48133E-04,8.88286E-05,6.15104E-04,8.82755E-05,6.11373E-04,8.79945E-05,6.03534E-04,8.85429E-05,6.01938E-04,8.85845E-05,5.90228E-04,8.72842E-05,5.88247E-04,8.62454E-05,5.83326E-04,8.61524E-05,5.78302E-04,8.47795E-05,5.80009E-04,8.37872E-05,5.79105E-04,8.31094E-05,5.78093E-04,8.18740E-05,5.74678E-04,8.02337E-05,5.82640E-04,7.92245E-05,5.87575E-04,8.04317E-05,5.87504E-04,8.67987E-05,5.82615E-04,7.57708E-05,5.69381E-04,7.92728E-05,5.67024E-04,8.02945E-05,5.55692E-04,7.99172E-05,5.36597E-04,7.84513E-05,5.35409E-04,7.66435E-05,5.36567E-04,7.29027E-05,5.30219E-04,6.94147E-05,5.39565E-04,6.59555E-05,5.23976E-04,6.18663E-05,5.26893E-04,5.76335E-05,5.28382E-04,5.40508E-05,5.18189E-04,4.95939E-05,5.28775E-04,4.54592E-05,5.31487E-04,4.21423E-05,5.36402E-04,4.05369E-05,5.44748E-04,4.37023E-05,5.66442E-04,6.17291E-05,4.94106E-04,7.75054E-05,5.21869E-04,7.62891E-05,5.16838E-04,7.67409E-05,5.22755E-04,7.86603E-05,5.21346E-04,8.24268E-05,5.14106E-04,7.71894E-05,5.09094E-04,7.61532E-05,5.00665E-04,7.98038E-05,5.05446E-04,7.49199E-05,5.03877E-04,7.39524E-05,5.02486E-04,7.77066E-05,5.08114E-04,7.30013E-05,4.99744E-04,7.03080E-05,4.91895E-04,6.86925E-05,5.07716E-04,7.22172E-05,5.11662E-04,6.37769E-05,4.75095E-04,5.88777E-05,4.53251E-04,6.40672E-05,4.54644E-04,6.62234E-05,4.55841E-04,6.69094E-05,4.56370E-04,6.65588E-05,4.56999E-04,6.72394E-05,4.65417E-04,6.21891E-05,4.56129E-04,5.89584E-05,4.52250E-04,5.79364E-05,4.57795E-04,5.26698E-05,4.57403E-04,4.91305E-05,4.52603E-04,4.75887E-05,4.55747E-04,4.25669E-05,4.54776E-04,3.88695E-05,4.52159E-04,3.57453E-05,4.57764E-04,3.50911E-05,4.77516E-04,4.03604E-05,5.35601E-04,5.66909E-05,4.47455E-04,7.07887E-05,4.66678E-04,7.11614E-05,4.66706E-04,7.69771E-05,4.86085E-04,7.78240E-05,4.81942E-04,0.00000E+00,0.00000E+00,7.33719E-05,4.66220E-04,7.23104E-05,4.66525E-04,0.00000E+00,0.00000E+00,7.05519E-05,4.65547E-04,7.05219E-05,4.63346E-04,0.00000E+00,0.00000E+00,7.19072E-05,4.69342E-04,7.02177E-05,4.65026E-04,6.48526E-05,4.68646E-04,6.64772E-05,4.60870E-04,6.01474E-05,4.45389E-04,5.63633E-05,4.13228E-04,6.24074E-05,4.20414E-04,6.64568E-05,4.26616E-04,7.02089E-05,4.54276E-04,6.97805E-05,4.50306E-04,0.00000E+00,0.00000E+00,6.41631E-05,4.44759E-04,6.07425E-05,4.40174E-04,0.00000E+00,0.00000E+00,5.44282E-05,4.50987E-04,5.06230E-05,4.43250E-04,0.00000E+00,0.00000E+00,4.47461E-05,4.50899E-04,4.08379E-05,4.48990E-04,3.66632E-05,4.46816E-04,3.54633E-05,4.63585E-04,4.22097E-05,5.31702E-04,6.00734E-05,4.38770E-04,7.57942E-05,4.55395E-04,8.12500E-05,4.76070E-04,0.00000E+00,0.00000E+00,8.09554E-05,4.73735E-04,8.69339E-05,4.74023E-04,7.84208E-05,4.53099E-04,7.72783E-05,4.49954E-04,8.15101E-05,4.68298E-04,7.53706E-05,4.46311E-04,7.49308E-05,4.51221E-04,8.14689E-05,4.65637E-04,7.45434E-05,4.61489E-04,0.00000E+00,0.00000E+00,7.37335E-05,4.58701E-04,7.11751E-05,4.51763E-04,6.32475E-05,4.38278E-04,5.96718E-05,4.01601E-04,6.68960E-05,4.09472E-04,7.37882E-05,4.32813E-04,0.00000E+00,0.00000E+00,7.42473E-05,4.39872E-04,7.12065E-05,4.34195E-04,6.50313E-05,4.22417E-04,6.14655E-05,4.26335E-04,6.05611E-05,4.33292E-04,5.49618E-05,4.30054E-04,5.15393E-05,4.32297E-04,5.05021E-05,4.37531E-04,4.72056E-05,4.40147E-04,0.00000E+00,0.00000E+00,4.07466E-05,4.50817E-04,3.86196E-05,4.59145E-04,4.54537E-05,5.40757E-04,6.60516E-05,4.32660E-04,8.52596E-05,4.67447E-04,9.08264E-05,4.79583E-04,8.82128E-05,4.68178E-04,9.18824E-05,4.70337E-04,9.28768E-05,4.72509E-04,8.42195E-05,4.55367E-04,8.27798E-05,4.52640E-04,8.84999E-05,4.68348E-04,8.13972E-05,4.47211E-04,8.07662E-05,4.41999E-04,8.73142E-05,4.65068E-04,8.45800E-05,4.56478E-04,7.98333E-05,4.57694E-04,8.21667E-05,4.62920E-04,7.95676E-05,4.52757E-04,6.92910E-05,4.33799E-04,6.48232E-05,3.91048E-04,7.33674E-05,4.12165E-04,8.10545E-05,4.35038E-04,8.17593E-05,4.31201E-04,7.74178E-05,4.28926E-04,7.65469E-05,4.31114E-04,7.01733E-05,4.23870E-04,6.66232E-05,4.24343E-04,6.57525E-05,4.37513E-04,5.95637E-05,4.24534E-04,5.55014E-05,4.23754E-04,5.43847E-05,4.41951E-04,4.92378E-05,4.33163E-04,4.73091E-05,4.41641E-04,4.48754E-05,4.53481E-04,4.24395E-05,4.53420E-04,4.95451E-05,5.32645E-04,7.28330E-05,4.33133E-04,9.87515E-05,4.78591E-04,0.00000E+00,0.00000E+00,1.05497E-04,4.77976E-04,1.01783E-04,4.70325E-04,0.00000E+00,0.00000E+00,9.80089E-05,4.65422E-04,9.64658E-05,4.60195E-04,0.00000E+00,0.00000E+00,9.43754E-05,4.59175E-04,9.38961E-05,4.54347E-04,0.00000E+00,0.00000E+00,9.39280E-05,4.57671E-04,9.50301E-05,4.68191E-04,0.00000E+00,0.00000E+00,9.14610E-05,4.66430E-04,7.60466E-05,4.33178E-04,7.12086E-05,3.97864E-04,8.30860E-05,4.20253E-04,0.00000E+00,0.00000E+00,8.75176E-05,4.26758E-04,8.54539E-05,4.28324E-04,0.00000E+00,0.00000E+00,7.87867E-05,4.29707E-04,7.45530E-05,4.27618E-04,0.00000E+00,0.00000E+00,6.65241E-05,4.43830E-04,6.21131E-05,4.29463E-04,0.00000E+00,0.00000E+00,5.43451E-05,4.38855E-04,5.06196E-05,4.33401E-04,0.00000E+00,0.00000E+00,4.76329E-05,4.63426E-04,5.42726E-05,5.36713E-04,7.88431E-05,4.44599E-04,1.01220E-04,4.58724E-04,1.03452E-04,4.59012E-04,1.04699E-04,4.55380E-04,1.01869E-04,4.52280E-04,1.07444E-04,4.61414E-04,9.91737E-05,4.42421E-04,9.79622E-05,4.43576E-04,1.03307E-04,4.53630E-04,9.57300E-05,4.39748E-04,9.44302E-05,4.40217E-04,1.00473E-04,4.47513E-04,9.28219E-05,4.42998E-04,9.42418E-05,4.50446E-04,9.23075E-05,4.48790E-04,9.31887E-05,4.50103E-04,8.20780E-05,4.29319E-04,7.65380E-05,3.95656E-04,8.63977E-05,4.06995E-04,9.30915E-05,4.24358E-04,8.96715E-05,4.15850E-04,8.76500E-05,4.18297E-04,8.82416E-05,4.20692E-04,8.10208E-05,4.17338E-04,7.70998E-05,4.16964E-04,7.61033E-05,4.32615E-04,6.88010E-05,4.20792E-04,6.39529E-05,4.23565E-04,6.21236E-05,4.26714E-04,5.57029E-05,4.24317E-04,5.17796E-05,4.28259E-04,5.12424E-05,4.35485E-04,4.94428E-05,4.53039E-04,5.82690E-05,5.36842E-04,8.54055E-05,4.33781E-04,1.10247E-04,4.61290E-04,1.13556E-04,4.71578E-04,1.13610E-04,4.59703E-04,1.11113E-04,4.54211E-04,1.17971E-04,4.66283E-04,1.08213E-04,4.46635E-04,1.07099E-04,4.45789E-04,1.13910E-04,4.69241E-04,1.04314E-04,4.44169E-04,1.03282E-04,4.44091E-04,1.10268E-04,4.63124E-04,1.01270E-04,4.44816E-04,1.02119E-04,4.53604E-04,1.00944E-04,4.54487E-04,1.01376E-04,4.54204E-04,8.85744E-05,4.30813E-04,8.24909E-05,3.98457E-04,9.25253E-05,4.11355E-04,1.00277E-04,4.29238E-04,9.61305E-05,4.18170E-04,9.38086E-05,4.20938E-04,9.50794E-05,4.30569E-04,8.74078E-05,4.17978E-04,8.34660E-05,4.18660E-04,8.17354E-05,4.30556E-04,7.39436E-05,4.23229E-04,6.85716E-05,4.24402E-04,6.69377E-05,4.31243E-04,5.92454E-05,4.27304E-04,5.50989E-05,4.24613E-04,5.46576E-05,4.43555E-04,5.28520E-05,4.56503E-04,6.25028E-05,5.33118E-04,9.28593E-05,4.39555E-04,1.26062E-04,4.72539E-04,0.00000E+00,0.00000E+00,1.31507E-04,4.76983E-04,1.28570E-04,4.64230E-04,0.00000E+00,0.00000E+00,1.25723E-04,4.60917E-04,1.24293E-04,4.61468E-04,3.05281E-09,3.68238E-04,1.20688E-04,4.60975E-04,1.19229E-04,4.58266E-04,0.00000E+00,0.00000E+00,1.16379E-04,4.58061E-04,1.17313E-04,4.61991E-04,0.00000E+00,0.00000E+00,1.14913E-04,4.60448E-04,9.52961E-05,4.29180E-04,8.86316E-05,3.94622E-04,1.02215E-04,4.21645E-04,0.00000E+00,0.00000E+00,1.07015E-04,4.30522E-04,1.04261E-04,4.30791E-04,0.00000E+00,0.00000E+00,9.72955E-05,4.32988E-04,9.22359E-05,4.27835E-04,2.43220E-09,2.91420E-04,8.19682E-05,4.32146E-04,7.60062E-05,4.27730E-04,0.00000E+00,0.00000E+00,6.55417E-05,4.35404E-04,6.05388E-05,4.32449E-04,0.00000E+00,0.00000E+00,5.82049E-05,4.63839E-04,6.64592E-05,5.40399E-04,1.00051E-04,4.44037E-04,1.27882E-04,4.60479E-04,1.30645E-04,4.65074E-04,1.32291E-04,4.58150E-04,1.28723E-04,4.47318E-04,1.35584E-04,4.62491E-04,1.25375E-04,4.45057E-04,1.23817E-04,4.43959E-04,1.30485E-04,4.57422E-04,1.20672E-04,4.40846E-04,1.18463E-04,4.40168E-04,1.25996E-04,4.54989E-04,1.16024E-04,4.46510E-04,1.17305E-04,4.47147E-04,1.14985E-04,4.48081E-04,1.16265E-04,