seed = 1754571152;
pop = 1750;
Inactive_Cycles = 1000;
Active_Cycles = 2600;
Total_CPU_Time = 2.06159E+03;
Total_Transport_Time = 1.91619E+02;
Time_Per_Integration = 3.31059E-09;
Clock_Time = 2.03905E+02;
keff_keff = [ 1.18665E+00,1.52838E-04];
fissionRate_fissionRate = reshape([ 9.07890E-05,5.09081E-04,8.97102E-05,5.03284E-04,8.82761E-05,5.05888E-04,8.90618E-05,5.03285E-04,8.90700E-05,4.99928E-04,8.92065E-05,5.01537E-04,8.79965E-05,5.04680E-04,8.71598E-05,5.07037E-04,8.62926E-05,4.98309E-04,8.59131E-05,5.01635E-04,8.46472E-05,4.97516E-04,8.37149E-05,4.99423E-04,8.24212E-05,5.01068E-04,8.05465E-05,5.01691E-04,7.99942E-05,5.02441E-04,8.13164E-05,5.00388E-04,8.80031E-05,4.95389E-04,7.63893E-05,4.46563E-04,8.04091E-05,4.42732E-04,8.14408E-05,4.39351E-04,8.07871E-05,4.41234E-04,7.90905E-05,4.35253E-04,7.69315E-05,4.35260E-04,7.35439E-05,4.38155E-04,7.00516E-05,4.36663E-04,6.65582E-05,4.38217E-04,6.25091E-05,4.37513E-04,5.84356E-05,4.36603E-04,5.43879E-05,4.38120E-04,4.99311E-05,4.38389E-04,4.55525E-05,4.35739E-04,4.20665E-05,4.35581E-04,4.04521E-05,4.34971E-04,4.35018E-05,4.57461E-04,6.19777E-05,4.10942E-04,7.83549E-05,4.49901E-04,7.71716E-05,4.46323E-04,7.79062E-05,4.48591E-04,7.94295E-05,4.53532E-04,8.35549E-05,4.50019E-04,7.82046E-05,4.46941E-04,7.74562E-05,4.48774E-04,8.05462E-05,4.47649E-04,7.56447E-05,4.47352E-04,7.50150E-05,4.47442E-04,7.82781E-05,4.53518E-04,7.34849E-05,4.49389E-04,7.07007E-05,4.44297E-04,6.98021E-05,4.49252E-04,7.27404E-05,4.55586E-04,6.41860E-05,4.15855E-04,5.96455E-05,3.68610E-04,6.47453E-05,3.70062E-04,6.69151E-05,3.70215E-04,6.74486E-05,3.74025E-04,6.70587E-05,3.77474E-04,6.76084E-05,3.85924E-04,6.26667E-05,3.79726E-04,5.96006E-05,3.78471E-04,5.83277E-05,3.82216E-04,5.30357E-05,3.79314E-04,4.97418E-05,3.78946E-04,4.77803E-05,3.83694E-04,4.27251E-05,3.81931E-04,3.87723E-05,3.78900E-04,3.57629E-05,3.81334E-04,3.51195E-05,3.92837E-04,4.03966E-05,4.43279E-04,5.70673E-05,3.74524E-04,7.12418E-05,4.02465E-04,7.18414E-05,4.05326E-04,7.76495E-05,4.20638E-04,7.80636E-05,4.17265E-04,0.00000E+00,0.00000E+00,7.39755E-05,4.15574E-04,7.27572E-05,4.10872E-04,0.00000E+00,0.00000E+00,7.14410E-05,4.13283E-04,7.09333E-05,4.11021E-04,0.00000E+00,0.00000E+00,7.23691E-05,4.19125E-04,7.06469E-05,4.21577E-04,6.54799E-05,4.06603E-04,6.65716E-05,4.12979E-04,6.04681E-05,3.92529E-04,5.66606E-05,3.36931E-04,6.28307E-05,3.42541E-04,6.68358E-05,3.55644E-04,7.05421E-05,3.65722E-04,7.02315E-05,3.68393E-04,0.00000E+00,0.00000E+00,6.43440E-05,3.73232E-04,6.11079E-05,3.67084E-04,0.00000E+00,0.00000E+00,5.46437E-05,3.72127E-04,5.09898E-05,3.67538E-04,0.00000E+00,0.00000E+00,4.49212E-05,3.75031E-04,4.09573E-05,3.75646E-04,3.64763E-05,3.72705E-04,3.58401E-05,3.82448E-04,4.19560E-05,4.41705E-04,6.04518E-05,3.63665E-04,7.60586E-05,3.99453E-04,8.17483E-05,4.11999E-04,0.00000E+00,0.00000E+00,8.14015E-05,4.13772E-04,8.71374E-05,4.19415E-04,7.90251E-05,4.01221E-04,7.80082E-05,3.99426E-04,8.22513E-05,4.15127E-04,7.61705E-05,3.99193E-04,7.55797E-05,3.98861E-04,8.16204E-05,4.17072E-04,7.43626E-05,4.11958E-04,0.00000E+00,0.00000E+00,7.40000E-05,4.13155E-04,7.18928E-05,4.02134E-04,6.35946E-05,3.82831E-04,5.96222E-05,3.27740E-04,6.72001E-05,3.39862E-04,7.41447E-05,3.58493E-04,0.00000E+00,0.00000E+00,7.45600E-05,3.64421E-04,7.17141E-05,3.64241E-04,6.53505E-05,3.56055E-04,6.19735E-05,3.52644E-04,6.10146E-05,3.60323E-04,5.52099E-05,3.55640E-04,5.17504E-05,3.56503E-04,5.07898E-05,3.61360E-04,4.72837E-05,3.64838E-04,0.00000E+00,0.00000E+00,4.10386E-05,3.75299E-04,3.87369E-05,3.81537E-04,4.54929E-05,4.41240E-04,6.61801E-05,3.60626E-04,8.57067E-05,4.01909E-04,9.14103E-05,4.16840E-04,8.90193E-05,4.11804E-04,9.21557E-05,4.10511E-04,9.37287E-05,4.19443E-04,8.50189E-05,3.99412E-04,8.37451E-05,3.97982E-04,8.94826E-05,4.15732E-04,8.20428E-05,3.96799E-04,8.12725E-05,3.99874E-04,8.71440E-05,4.18210E-04,8.45327E-05,4.08782E-04,8.05122E-05,4.08962E-04,8.25986E-05,4.16696E-04,7.99641E-05,4.07318E-04,6.96333E-05,3.82112E-04,6.51224E-05,3.27382E-04,7.38610E-05,3.40571E-04,8.12355E-05,3.62563E-04,8.17223E-05,3.61005E-04,7.75870E-05,3.57004E-04,7.67797E-05,3.62320E-04,7.03031E-05,3.55077E-04,6.66505E-05,3.53770E-04,6.59981E-05,3.64048E-04,5.95629E-05,3.53390E-04,5.57993E-05,3.51785E-04,5.43798E-05,3.67012E-04,4.94802E-05,3.58275E-04,4.72332E-05,3.63235E-04,4.45917E-05,3.75519E-04,4.25780E-05,3.82784E-04,4.96323E-05,4.41267E-04,7.28594E-05,3.65117E-04,9.94503E-05,4.10197E-04,0.00000E+00,0.00000E+00,1.06108E-04,4.20779E-04,1.02290E-04,4.10754E-04,0.00000E+00,0.00000E+00,9.88339E-05,4.07768E-04,9.72749E-05,4.11550E-04,0.00000E+00,0.00000E+00,9.52127E-05,4.10605E-04,9.39688E-05,4.09302E-04,0.00000E+00,0.00000E+00,9.35974E-05,4.13897E-04,9.55242E-05,4.20981E-04,0.00000E+00,0.00000E+00,9.21374E-05,4.14426E-04,7.65444E-05,3.81902E-04,7.14563E-05,3.28577E-04,8.28352E-05,3.51084E-04,0.00000E+00,0.00000E+00,8.79118E-05,3.57809E-04,8.51806E-05,3.57165E-04,0.00000E+00,0.00000E+00,7.87975E-05,3.63470E-04,7.45890E-05,3.60341E-04,0.00000E+00,0.00000E+00,6.66747E-05,3.63307E-04,6.21458E-05,3.58988E-04,0.00000E+00,0.00000E+00,5.42220E-05,3.65416E-04,5.06066E-05,3.66193E-04,0.00000E+00,0.00000E+00,4.76841E-05,3.85993E-04,5.41076E-05,4.38321E-04,7.90009E-05,3.59983E-04,1.01652E-04,4.00169E-04,1.04073E-04,4.01273E-04,1.06029E-04,4.01590E-04,1.02759E-04,3.97207E-04,1.07946E-04,4.04602E-04,9.97601E-05,3.92909E-04,9.84356E-05,3.93942E-04,1.04075E-04,4.04004E-04,9.67305E-05,3.94501E-04,9.50680E-05,3.95780E-04,1.00156E-04,4.05783E-04,9.34513E-05,3.95594E-04,9.50063E-05,3.97061E-04,9.26240E-05,4.01453E-04,9.35781E-05,4.02922E-04,8.23736E-05,3.82003E-04,7.66172E-05,3.24225E-04,8.60887E-05,3.35937E-04,9.31698E-05,3.49731E-04,8.96947E-05,3.48829E-04,8.79038E-05,3.49217E-04,8.83869E-05,3.53528E-04,8.15417E-05,3.50790E-04,7.76148E-05,3.48985E-04,7.62062E-05,3.56143E-04,6.89359E-05,3.51102E-04,6.43334E-05,3.51545E-04,6.22268E-05,3.60759E-04,5.56796E-05,3.54808E-04,5.14525E-05,3.58207E-04,5.09454E-05,3.70199E-04,4.94695E-05,3.79031E-04,5.83313E-05,4.40866E-04,8.58312E-05,3.63159E-04,1.10754E-04,4.02828E-04,1.14076E-04,4.10023E-04,1.14905E-04,4.03434E-04,1.11654E-04,4.00634E-04,1.18342E-04,4.17515E-04,1.09034E-04,3.95719E-04,1.07743E-04,3.95813E-04,1.14652E-04,4.16691E-04,1.05244E-04,3.94961E-04,1.03566E-04,3.97316E-04,1.09408E-04,4.15259E-04,1.01242E-04,3.99606E-04,1.02573E-04,4.04322E-04,1.01862E-04,4.09729E-04,1.01276E-04,4.05651E-04,8.85114E-05,3.82007E-04,8.26856E-05,3.26028E-04,9.26904E-05,3.40805E-04,9.99938E-05,3.58037E-04,9.63366E-05,3.48942E-04,9.42299E-05,3.49187E-04,9.51192E-05,3.57309E-04,8.72869E-05,3.52582E-04,8.31928E-05,3.52980E-04,8.17346E-05,3.60441E-04,7.40935E-05,3.52607E-04,6.87506E-05,3.55015E-04,6.66892E-05,3.61400E-04,5.95494E-05,3.55565E-04,5.52596E-05,3.56691E-04,5.47441E-05,3.69750E-04,5.30601E-05,3.78245E-04,6.23210E-05,4.38358E-04,9.37832E-05,3.61139E-04,1.26164E-04,4.07787E-04,0.00000E+00,0.00000E+00,1.32406E-04,4.18963E-04,1.28791E-04,4.10871E-04,0.00000E+00,0.00000E+00,1.25777E-04,4.12434E-04,1.23995E-04,4.07904E-04,3.07221E-09,1.47767E-04,1.21222E-04,4.09299E-04,1.19074E-04,4.09357E-04,0.00000E+00,0.00000E+00,1.16429E-04,4.13356E-04,1.16950E-04,4.20888E-04,0.00000E+00,0.00000E+00,1.15058E-04,4.13208E-04,9.59120E-05,3.80063E-04,8.88898E-05,3.26761E-04,1.02419E-04,3.48663E-04,0.00000E+00,0.00000E+00,1.07040E-04,3.56517E-04,1.04457E-04,3.54292E-04,0.00000E+00,0.00000E+00,9.66014E-05,3.60355E-04,9.15875E-05,3.54941E-04,2.41068E-09,1.02696E-04,8.16322E-05,3.63093E-04,7.59308E-05,3.57040E-04,0.00000E+00,0.00000E+00,6.55451E-05,3.66118E-04,6.07205E-05,3.61715E-04,0.00000E+00,0.00000E+00,5.81902E-05,3.82553E-04,6.66020E-05,4.37647E-04,9.96338E-05,3.60362E-04,1.27896E-04,3.97964E-04,1.30833E-04,4.01364E-04,1.33337E-04,3.99870E-04,1.29490E-04,3.95953E-04,1.36193E-04,4.04417E-04,1.25809E-04,3.93107E-04,1.24042E-04,3.92687E-04,1.30378E-04,4.07263E-04,1.20897E-04,3.90221E-04,1.19313E-04,3.92674E-04,1.25613E-04,4.02529E-04,1.16704E-04,3.94452E-04,1.17376E-04,3.99191E-04,1.14890E-04,4.03734E-04,1.16065E-04,