seed = -673487786;
pop = 58500;
Inactive_Cycles = 1525;
Active_Cycles = 950;
Total_CPU_Time = 2.47560E+05;
Total_Transport_Time = 3.21398E+03;
Time_Per_Integration = 2.00331E-09;
Clock_Time = 3.26714E+03;
keff_keff = [ 1.07793E+00,3.37212E-05];
fissionRate_fissionRate = reshape([ 6.77817E-05,1.65802E-04,6.68805E-05,1.64058E-04,6.64007E-05,1.63750E-04,6.62823E-05,1.63633E-04,6.63328E-05,1.64196E-04,6.63715E-05,1.63428E-04,6.58523E-05,1.64402E-04,6.55588E-05,1.64398E-04,6.54204E-05,1.62979E-04,6.48899E-05,1.64446E-04,6.43463E-05,1.62760E-04,6.42483E-05,1.62790E-04,6.35881E-05,1.63444E-04,6.31636E-05,1.62506E-04,6.32158E-05,1.62197E-04,6.48886E-05,1.60990E-04,7.04310E-05,1.57927E-04,6.18540E-05,1.44034E-04,6.55676E-05,1.41278E-04,6.67748E-05,1.41082E-04,6.68172E-05,1.41053E-04,6.60105E-05,1.40014E-04,6.47623E-05,1.39296E-04,6.22642E-05,1.39393E-04,5.97086E-05,1.40219E-04,5.72210E-05,1.39616E-04,5.39056E-05,1.39790E-04,5.07219E-05,1.39432E-04,4.75458E-05,1.38780E-04,4.37636E-05,1.39438E-04,4.02233E-05,1.39120E-04,3.72242E-05,1.39594E-04,3.58321E-05,1.38780E-04,3.86321E-05,1.44798E-04,4.61027E-05,1.31043E-04,5.79955E-05,1.44063E-04,5.69170E-05,1.43744E-04,5.72062E-05,1.44090E-04,5.81236E-05,1.45708E-04,6.05216E-05,1.46483E-04,5.74548E-05,1.46050E-04,5.70406E-05,1.45034E-04,5.93314E-05,1.45595E-04,5.64011E-05,1.45673E-04,5.61079E-05,1.45502E-04,5.85210E-05,1.45685E-04,5.57307E-05,1.44926E-04,5.45996E-05,1.43649E-04,5.45587E-05,1.42762E-04,5.77872E-05,1.43693E-04,5.13891E-05,1.31135E-04,4.80466E-05,1.17219E-04,5.26537E-05,1.17612E-04,5.47761E-05,1.18273E-04,5.58193E-05,1.18890E-04,5.59247E-05,1.19421E-04,5.66232E-05,1.20925E-04,5.28487E-05,1.20099E-04,5.06742E-05,1.19417E-04,5.00313E-05,1.20783E-04,4.57991E-05,1.19730E-04,4.30473E-05,1.19200E-04,4.17387E-05,1.20640E-04,3.74416E-05,1.19454E-04,3.42038E-05,1.19227E-04,3.16855E-05,1.19980E-04,3.12245E-05,1.22957E-04,3.58203E-05,1.38949E-04,4.20212E-05,1.17186E-04,5.21152E-05,1.27239E-04,5.20806E-05,1.30017E-04,5.53145E-05,1.34795E-04,5.56821E-05,1.35815E-04,0.00000E+00,0.00000E+00,5.31259E-05,1.33705E-04,5.25830E-05,1.32671E-04,0.00000E+00,0.00000E+00,5.19982E-05,1.32577E-04,5.18534E-05,1.33097E-04,0.00000E+00,0.00000E+00,5.33837E-05,1.35340E-04,5.27520E-05,1.34080E-04,5.01466E-05,1.29109E-04,5.25413E-05,1.30007E-04,4.82141E-05,1.22887E-04,4.57950E-05,1.06723E-04,5.10961E-05,1.09144E-04,5.46414E-05,1.12015E-04,5.81015E-05,1.15905E-04,5.82548E-05,1.15835E-04,0.00000E+00,0.00000E+00,5.43209E-05,1.16052E-04,5.19468E-05,1.14566E-04,0.00000E+00,0.00000E+00,4.70273E-05,1.16076E-04,4.42140E-05,1.14779E-04,0.00000E+00,0.00000E+00,3.91636E-05,1.17497E-04,3.59790E-05,1.17194E-04,3.23246E-05,1.16056E-04,3.16822E-05,1.19856E-04,3.72238E-05,1.39730E-04,4.38305E-05,1.14828E-04,5.50319E-05,1.25360E-04,5.78913E-05,1.32230E-04,0.00000E+00,0.00000E+00,5.71112E-05,1.33722E-04,6.17836E-05,1.36061E-04,5.68866E-05,1.29941E-04,5.62267E-05,1.29521E-04,5.89586E-05,1.33955E-04,5.56211E-05,1.28673E-04,5.54648E-05,1.29665E-04,5.95865E-05,1.34857E-04,5.45710E-05,1.32819E-04,0.00000E+00,0.00000E+00,5.56291E-05,1.31387E-04,5.55000E-05,1.28373E-04,5.04553E-05,1.21529E-04,4.79414E-05,1.04440E-04,5.41540E-05,1.07787E-04,6.02759E-05,1.12979E-04,0.00000E+00,0.00000E+00,6.15593E-05,1.14874E-04,5.96101E-05,1.13441E-04,5.48150E-05,1.11635E-04,5.23678E-05,1.10798E-04,5.18964E-05,1.13080E-04,4.73412E-05,1.11393E-04,4.46266E-05,1.11063E-04,4.39339E-05,1.13337E-04,4.12532E-05,1.14658E-04,0.00000E+00,0.00000E+00,3.59696E-05,1.17495E-04,3.41938E-05,1.18846E-04,4.01955E-05,1.39213E-04,4.74706E-05,1.14954E-04,6.07942E-05,1.28014E-04,6.36655E-05,1.33920E-04,6.18299E-05,1.32152E-04,6.48692E-05,1.32901E-04,6.57152E-05,1.35333E-04,6.05810E-05,1.28973E-04,5.99874E-05,1.28316E-04,6.34789E-05,1.34007E-04,5.92325E-05,1.28068E-04,5.90314E-05,1.28132E-04,6.33298E-05,1.34393E-04,6.19728E-05,1.32520E-04,5.87862E-05,1.32029E-04,6.10394E-05,1.33439E-04,6.11333E-05,1.30437E-04,5.45677E-05,1.20624E-04,5.17403E-05,1.04230E-04,5.89943E-05,1.08968E-04,6.55451E-05,1.13906E-04,6.65017E-05,1.13312E-04,6.37506E-05,1.12009E-04,6.36943E-05,1.14864E-04,5.87478E-05,1.11429E-04,5.61751E-05,1.11132E-04,5.58117E-05,1.13985E-04,5.07801E-05,1.11061E-04,4.78016E-05,1.10668E-04,4.69714E-05,1.13962E-04,4.28255E-05,1.13012E-04,4.12981E-05,1.14714E-04,3.91561E-05,1.17433E-04,3.74286E-05,1.20088E-04,4.37937E-05,1.40037E-04,5.18331E-05,1.15214E-04,6.89570E-05,1.31175E-04,0.00000E+00,0.00000E+00,7.33622E-05,1.35723E-04,7.10615E-05,1.33720E-04,0.00000E+00,0.00000E+00,6.91672E-05,1.32782E-04,6.85556E-05,1.32437E-04,0.00000E+00,0.00000E+00,6.77913E-05,1.32486E-04,6.73576E-05,1.31908E-04,0.00000E+00,0.00000E+00,6.78313E-05,1.33197E-04,6.95869E-05,1.35056E-04,0.00000E+00,0.00000E+00,6.90249E-05,1.32642E-04,5.93372E-05,1.20902E-04,5.61994E-05,1.04225E-04,6.58569E-05,1.11342E-04,0.00000E+00,0.00000E+00,7.09453E-05,1.12390E-04,6.97750E-05,1.12644E-04,0.00000E+00,0.00000E+00,6.55233E-05,1.13522E-04,6.26647E-05,1.12313E-04,0.00000E+00,0.00000E+00,5.67576E-05,1.12836E-04,5.33244E-05,1.12085E-04,0.00000E+00,0.00000E+00,4.70198E-05,1.14360E-04,4.39328E-05,1.13413E-04,0.00000E+00,0.00000E+00,4.17212E-05,1.20808E-04,4.75715E-05,1.38630E-04,5.55656E-05,1.14594E-04,7.05719E-05,1.26702E-04,7.13390E-05,1.29008E-04,7.31646E-05,1.29667E-04,7.12287E-05,1.27571E-04,7.45752E-05,1.31639E-04,7.00208E-05,1.27043E-04,6.97242E-05,1.26267E-04,7.34492E-05,1.29662E-04,6.87656E-05,1.26629E-04,6.81481E-05,1.26417E-04,7.17292E-05,1.30610E-04,6.78550E-05,1.26620E-04,6.92635E-05,1.28823E-04,6.80553E-05,1.29252E-04,7.05649E-05,1.29188E-04,6.32488E-05,1.20747E-04,5.98225E-05,1.03757E-04,6.78865E-05,1.07737E-04,7.41496E-05,1.10668E-04,7.20267E-05,1.09713E-04,7.11311E-05,1.10631E-04,7.22627E-05,1.11874E-04,6.71449E-05,1.10612E-04,6.43345E-05,1.10272E-04,6.38972E-05,1.11545E-04,5.81898E-05,1.10535E-04,5.47492E-05,1.10162E-04,5.33336E-05,1.11973E-04,4.78756E-05,1.11141E-04,4.46395E-05,1.11054E-04,4.42221E-05,1.14149E-04,4.30726E-05,1.19252E-04,5.06839E-05,1.39263E-04,5.95824E-05,1.15064E-04,7.58973E-05,1.27877E-04,7.70007E-05,1.32025E-04,7.84545E-05,1.30561E-04,7.65089E-05,1.28680E-04,8.07603E-05,1.33630E-04,7.55774E-05,1.27904E-04,7.57265E-05,1.27176E-04,8.11264E-05,1.32269E-04,7.46962E-05,1.26808E-04,7.34496E-05,1.27101E-04,7.74445E-05,1.33367E-04,7.27210E-05,1.28464E-04,7.40801E-05,1.29101E-04,7.31952E-05,1.31421E-04,7.55208E-05,1.30312E-04,6.74869E-05,1.20882E-04,6.38083E-05,1.03631E-04,7.24868E-05,1.08077E-04,7.90555E-05,1.12182E-04,7.66102E-05,1.10481E-04,7.56998E-05,1.10117E-04,7.71042E-05,1.13525E-04,7.15207E-05,1.10266E-04,6.85890E-05,1.10130E-04,6.82378E-05,1.13125E-04,6.19998E-05,1.10584E-04,5.82415E-05,1.10110E-04,5.67498E-05,1.13391E-04,5.08352E-05,1.11302E-04,4.73947E-05,1.11321E-04,4.70590E-05,1.16059E-04,4.58208E-05,1.19261E-04,5.39578E-05,1.39938E-04,6.39518E-05,1.14683E-04,8.49141E-05,1.31298E-04,0.00000E+00,0.00000E+00,8.84921E-05,1.34507E-04,8.64999E-05,1.32344E-04,0.00000E+00,0.00000E+00,8.55361E-05,1.32227E-04,8.64818E-05,1.30763E-04,2.14869E-09,6.19202E-05,8.51887E-05,1.30319E-04,8.28767E-05,1.31461E-04,0.00000E+00,0.00000E+00,8.19384E-05,1.32085E-04,8.31208E-05,1.34458E-04,0.00000E+00,0.00000E+00,8.38536E-05,1.31912E-04,7.20768E-05,1.20693E-04,6.81121E-05,1.04018E-04,7.95055E-05,1.11063E-04,0.00000E+00,0.00000E+00,8.43795E-05,1.11650E-04,8.32275E-05,1.12294E-04,0.00000E+00,0.00000E+00,7.87105E-05,1.12985E-04,7.54345E-05,1.12257E-04,2.00049E-09,4.53413E-05,6.82681E-05,1.13181E-04,6.39268E-05,1.11612E-04,0.00000E+00,0.00000E+00,5.58522E-05,1.14153E-04,5.19250E-05,1.13053E-04,0.00000E+00,0.00000E+00,5.00727E-05,1.20670E-04,5.72588E-05,1.39168E-04,6.74481E-05,1.15583E-04,8.57576E-05,1.27258E-04,8.65800E-05,1.29600E-04,8.87526E-05,1.28978E-04,8.66981E-05,1.27768E-04,9.10041E-05,1.31396E-04,8.53528E-05,1.26306E-04,8.51777E-05,1.26723E-04,9.05250E-05,1.29648E-04,8.37943E-05,1.26431E-04,8.24339E-05,1.26859E-04,8.65439E-05,1.31205E-04,8.16146E-05,1.27341E-04,8.30726E-05,1.28349E-04,8.15687E-05,1.29239E-04,8.44384E-05,