seed = -325236813;
pop = 117000;
Inactive_Cycles = 1525;
Active_Cycles = 950;
Total_CPU_Time = 7.70160E+05;
Total_Transport_Time = 9.79265E+03;
Time_Per_Integration = 1.02876E-09;
Clock_Time = 1.02755E+04;
keff_keff = [ 1.07783E+00,2.31725E-05];

