seed = -1136972758;
pop = 117000;
Inactive_Cycles = 1525;
Active_Cycles = 950;
Total_CPU_Time = 1.82924E+05;
Total_Transport_Time = 2.38876E+03;
Time_Per_Integration = 7.44484E-10;
Clock_Time = 2.41354E+03;
keff_keff = [ 1.07733E+00,2.35131E-05];
fissionRate_fissionRate = reshape([ 7.11649E-05,1.14413E-04,7.03066E-05,1.13958E-04,6.98591E-05,1.13555E-04,6.97544E-05,1.13579E-04,6.97675E-05,1.13531E-04,6.98067E-05,1.13517E-04,6.93355E-05,1.13884E-04,6.89839E-05,1.14049E-04,6.87731E-05,1.13062E-04,6.81779E-05,1.13946E-04,6.78092E-05,1.13216E-04,6.76112E-05,1.12933E-04,6.69522E-05,1.13015E-04,6.64706E-05,1.13217E-04,6.65871E-05,1.12792E-04,6.82755E-05,1.11194E-04,7.37638E-05,1.09271E-04,6.44034E-05,9.86459E-05,6.80138E-05,9.70385E-05,6.91825E-05,9.65910E-05,6.91824E-05,9.59503E-05,6.83354E-05,9.54772E-05,6.69562E-05,9.53872E-05,6.44854E-05,9.53739E-05,6.18491E-05,9.52526E-05,5.92432E-05,9.47823E-05,5.59240E-05,9.55241E-05,5.26040E-05,9.52693E-05,4.93591E-05,9.51364E-05,4.55366E-05,9.54067E-05,4.19412E-05,9.55524E-05,3.89260E-05,9.52195E-05,3.75467E-05,9.53051E-05,4.04133E-05,9.83268E-05,4.75095E-05,9.04917E-05,6.00013E-05,1.01207E-04,5.88534E-05,1.00785E-04,5.91672E-05,1.00856E-04,6.00968E-05,1.01624E-04,6.23503E-05,1.02009E-04,5.94298E-05,1.02206E-04,5.89978E-05,1.02033E-04,6.11223E-05,1.02194E-04,5.83235E-05,1.01941E-04,5.80968E-05,1.01577E-04,6.03786E-05,1.01774E-04,5.77300E-05,1.01210E-04,5.65411E-05,1.00396E-04,5.65587E-05,1.00111E-04,5.98084E-05,1.00820E-04,5.30211E-05,9.14146E-05,4.93283E-05,7.99867E-05,5.39439E-05,8.05557E-05,5.60524E-05,8.08570E-05,5.70618E-05,8.10244E-05,5.72358E-05,8.16915E-05,5.77779E-05,8.22864E-05,5.41257E-05,8.16698E-05,5.18748E-05,8.15642E-05,5.11219E-05,8.23420E-05,4.69710E-05,8.19040E-05,4.41963E-05,8.15603E-05,4.27215E-05,8.25040E-05,3.85113E-05,8.17107E-05,3.52647E-05,8.14720E-05,3.27726E-05,8.23940E-05,3.24558E-05,8.48033E-05,3.75379E-05,9.52418E-05,4.27025E-05,8.07449E-05,5.31404E-05,8.85030E-05,5.30813E-05,8.98000E-05,5.61552E-05,9.36763E-05,5.65844E-05,9.41051E-05,0.00000E+00,0.00000E+00,5.39747E-05,9.23970E-05,5.34261E-05,9.20301E-05,0.00000E+00,0.00000E+00,5.28496E-05,9.22586E-05,5.27142E-05,9.26015E-05,0.00000E+00,0.00000E+00,5.43003E-05,9.38559E-05,5.36557E-05,9.23576E-05,5.12096E-05,8.94822E-05,5.37681E-05,9.02800E-05,4.91884E-05,8.47100E-05,4.65284E-05,7.27945E-05,5.18641E-05,7.41802E-05,5.54820E-05,7.62859E-05,5.88168E-05,7.87887E-05,5.90432E-05,7.92685E-05,0.00000E+00,0.00000E+00,5.50784E-05,7.89367E-05,5.26854E-05,7.81959E-05,0.00000E+00,0.00000E+00,4.77619E-05,7.90258E-05,4.49217E-05,7.81629E-05,0.00000E+00,0.00000E+00,3.99332E-05,7.99278E-05,3.67500E-05,7.98971E-05,3.32326E-05,7.88627E-05,3.27790E-05,8.19975E-05,3.89316E-05,9.52297E-05,4.41987E-05,7.88858E-05,5.56610E-05,8.71486E-05,5.83445E-05,9.10145E-05,0.00000E+00,0.00000E+00,5.76027E-05,9.25089E-05,6.23945E-05,9.38141E-05,5.76447E-05,8.97605E-05,5.69730E-05,8.92443E-05,5.95548E-05,9.29683E-05,5.63688E-05,8.94272E-05,5.63171E-05,8.94145E-05,6.02850E-05,9.36148E-05,5.51997E-05,9.20252E-05,0.00000E+00,0.00000E+00,5.62060E-05,9.07445E-05,5.63765E-05,8.86483E-05,5.11877E-05,8.36034E-05,4.84213E-05,7.03661E-05,5.46740E-05,7.31624E-05,6.07223E-05,7.67558E-05,0.00000E+00,0.00000E+00,6.21347E-05,7.78431E-05,6.01315E-05,7.71729E-05,5.55124E-05,7.61588E-05,5.30505E-05,7.55738E-05,5.24356E-05,7.68122E-05,4.80312E-05,7.59194E-05,4.53450E-05,7.55726E-05,4.45007E-05,7.71637E-05,4.19334E-05,7.79886E-05,0.00000E+00,0.00000E+00,3.67314E-05,7.97341E-05,3.52565E-05,8.12016E-05,4.19499E-05,9.52798E-05,4.77656E-05,7.88475E-05,6.12523E-05,8.87953E-05,6.39331E-05,9.28654E-05,6.21583E-05,9.20087E-05,6.54287E-05,9.22704E-05,6.60121E-05,9.37508E-05,6.10993E-05,8.91385E-05,6.04957E-05,8.87230E-05,6.37908E-05,9.23637E-05,5.98411E-05,8.86099E-05,5.96617E-05,8.85737E-05,6.37381E-05,9.28395E-05,6.26539E-05,9.18725E-05,5.92499E-05,9.13864E-05,6.15036E-05,9.22690E-05,6.19169E-05,9.04504E-05,5.51647E-05,8.36013E-05,5.20740E-05,7.04858E-05,5.94192E-05,7.35129E-05,6.59037E-05,7.68227E-05,6.69328E-05,7.65864E-05,6.42867E-05,7.62340E-05,6.40973E-05,7.76436E-05,5.93510E-05,7.55323E-05,5.67689E-05,7.52621E-05,5.62928E-05,7.70142E-05,5.13901E-05,7.57947E-05,4.84846E-05,7.53716E-05,4.74899E-05,7.71932E-05,4.35133E-05,7.67626E-05,4.19459E-05,7.80304E-05,3.99365E-05,8.01037E-05,3.85363E-05,8.20508E-05,4.55728E-05,9.52276E-05,5.19392E-05,7.90918E-05,6.91940E-05,9.06298E-05,0.00000E+00,0.00000E+00,7.35388E-05,9.37582E-05,7.12370E-05,9.23817E-05,0.00000E+00,0.00000E+00,6.93259E-05,9.16610E-05,6.87665E-05,9.10731E-05,0.00000E+00,0.00000E+00,6.79675E-05,9.09406E-05,6.76044E-05,9.11044E-05,0.00000E+00,0.00000E+00,6.81753E-05,9.16990E-05,6.99396E-05,9.34808E-05,0.00000E+00,0.00000E+00,6.95140E-05,9.14069E-05,5.97544E-05,8.33862E-05,5.64050E-05,7.04344E-05,6.59953E-05,7.54088E-05,0.00000E+00,0.00000E+00,7.11886E-05,7.60857E-05,7.00824E-05,7.62176E-05,0.00000E+00,0.00000E+00,6.58688E-05,7.68218E-05,6.30581E-05,7.58866E-05,0.00000E+00,0.00000E+00,5.71918E-05,7.70663E-05,5.37581E-05,7.60755E-05,0.00000E+00,0.00000E+00,4.74973E-05,7.75985E-05,4.44797E-05,7.72546E-05,0.00000E+00,0.00000E+00,4.27368E-05,8.19716E-05,4.93847E-05,9.46671E-05,5.55739E-05,7.90224E-05,7.08797E-05,8.77714E-05,7.13056E-05,8.94701E-05,7.34852E-05,8.94805E-05,7.15810E-05,8.82478E-05,7.46361E-05,9.06155E-05,7.03633E-05,8.77436E-05,7.00202E-05,8.75629E-05,7.34919E-05,8.97653E-05,6.91611E-05,8.69901E-05,6.86104E-05,8.73787E-05,7.19032E-05,9.01562E-05,6.83489E-05,8.79813E-05,6.98053E-05,8.90261E-05,6.82763E-05,8.88846E-05,7.11750E-05,8.93135E-05,6.36597E-05,8.34430E-05,5.99672E-05,7.00430E-05,6.81267E-05,7.29205E-05,7.42540E-05,7.51778E-05,7.24346E-05,7.46684E-05,7.15888E-05,7.45800E-05,7.24630E-05,7.59953E-05,6.76318E-05,7.47284E-05,6.48596E-05,7.43348E-05,6.42243E-05,7.56545E-05,5.87835E-05,7.49677E-05,5.52366E-05,7.44851E-05,5.37662E-05,7.56160E-05,4.84645E-05,7.54677E-05,4.53203E-05,7.53760E-05,4.49249E-05,7.77537E-05,4.42048E-05,8.15371E-05,5.26136E-05,9.54981E-05,5.95550E-05,7.88414E-05,7.60830E-05,8.87339E-05,7.68394E-05,9.09911E-05,7.87118E-05,9.01921E-05,7.67552E-05,8.85055E-05,8.06546E-05,9.21182E-05,7.57906E-05,8.83298E-05,7.59570E-05,8.76085E-05,8.10381E-05,9.09812E-05,7.50187E-05,8.76413E-05,7.37412E-05,8.79984E-05,7.75405E-05,9.16419E-05,7.31055E-05,8.83909E-05,7.44955E-05,8.96042E-05,7.32821E-05,9.06211E-05,7.60654E-05,8.96089E-05,6.78800E-05,8.34893E-05,6.39033E-05,7.01850E-05,7.25816E-05,7.31121E-05,7.91105E-05,7.61848E-05,7.69509E-05,7.48256E-05,7.60165E-05,7.50194E-05,7.71905E-05,7.65321E-05,7.19269E-05,7.51332E-05,6.90300E-05,7.50274E-05,6.85207E-05,7.64342E-05,6.25501E-05,7.50892E-05,5.87651E-05,7.49801E-05,5.72132E-05,7.68165E-05,5.14167E-05,7.53563E-05,4.80385E-05,7.59334E-05,4.77604E-05,7.86628E-05,4.69849E-05,8.18110E-05,5.59464E-05,9.54868E-05,6.37702E-05,7.90394E-05,8.47058E-05,9.10005E-05,0.00000E+00,0.00000E+00,8.83098E-05,9.33450E-05,8.63036E-05,9.15614E-05,0.00000E+00,0.00000E+00,8.53325E-05,9.09910E-05,8.63174E-05,8.96065E-05,2.13722E-09,3.33787E-05,8.51264E-05,9.00967E-05,8.27987E-05,9.05241E-05,0.00000E+00,0.00000E+00,8.19194E-05,9.17856E-05,8.32093E-05,9.27897E-05,0.00000E+00,0.00000E+00,8.40904E-05,9.13628E-05,7.23032E-05,8.34324E-05,6.80997E-05,7.03054E-05,7.94279E-05,7.48260E-05,0.00000E+00,0.00000E+00,8.43324E-05,7.57769E-05,8.33369E-05,7.61048E-05,0.00000E+00,0.00000E+00,7.88791E-05,7.66465E-05,7.55980E-05,7.57437E-05,2.00128E-09,2.19760E-05,6.84869E-05,7.66591E-05,6.42365E-05,7.56559E-05,0.00000E+00,0.00000E+00,5.63015E-05,7.71636E-05,5.24564E-05,7.69830E-05,0.00000E+00,0.00000E+00,5.11645E-05,8.22308E-05,5.93119E-05,9.51108E-05,6.72016E-05,7.91278E-05,8.56954E-05,8.83686E-05,8.62293E-05,8.92472E-05,8.88317E-05,8.94678E-05,8.67915E-05,8.82259E-05,9.07345E-05,9.05192E-05,8.54706E-05,8.80501E-05,8.52947E-05,8.74242E-05,9.03029E-05,8.93429E-05,8.39590E-05,8.71235E-05,8.26796E-05,8.73355E-05,8.64360E-05,9.03221E-05,8.18490E-05,8.79700E-05,8.33453E-05,8.91657E-05,8.15386E-05,8.90464E-05,8.48406E-05,