seed = 128012192;
pop = 117000;
Inactive_Cycles = 1525;
Active_Cycles = 950;
Total_CPU_Time = 5.15968E+05;
Total_Transport_Time = 6.75423E+03;
Time_Per_Integration = 2.10502E-09;
Clock_Time = 6.82708E+03;
keff_keff = [ 1.07785E+00,2.37677E-05];
fissionRate_fissionRate = reshape([ 6.77527E-05,1.16565E-04,6.68733E-05,1.14750E-04,6.63960E-05,1.15463E-04,6.62937E-05,1.14736E-04,6.63655E-05,1.14733E-04,6.63871E-05,1.14923E-04,6.58774E-05,1.15160E-04,6.55522E-05,1.14894E-04,6.54210E-05,1.14642E-04,6.48470E-05,1.14629E-04,6.44709E-05,1.14957E-04,6.42573E-05,1.14095E-04,6.35965E-05,1.14474E-04,6.31532E-05,1.14319E-04,6.32326E-05,1.14042E-04,6.48486E-05,1.12745E-04,7.04402E-05,1.10516E-04,6.18437E-05,1.00805E-04,6.56036E-05,9.87453E-05,6.68278E-05,9.83630E-05,6.68125E-05,9.82329E-05,6.59980E-05,9.78038E-05,6.47111E-05,9.74233E-05,6.22583E-05,9.78830E-05,5.97051E-05,9.74168E-05,5.72423E-05,9.73394E-05,5.39575E-05,9.75645E-05,5.06930E-05,9.76867E-05,4.75432E-05,9.73397E-05,4.38011E-05,9.69837E-05,4.02515E-05,9.72350E-05,3.72328E-05,9.69588E-05,3.58335E-05,9.72503E-05,3.86364E-05,1.01176E-04,4.61213E-05,9.15313E-05,5.80043E-05,1.01233E-04,5.68738E-05,1.00916E-04,5.72569E-05,1.01235E-04,5.81246E-05,1.02191E-04,6.05323E-05,1.02844E-04,5.74601E-05,1.02816E-04,5.70269E-05,1.02713E-04,5.93191E-05,1.02775E-04,5.64245E-05,1.02347E-04,5.61831E-05,1.02162E-04,5.85598E-05,1.02496E-04,5.57193E-05,1.01505E-04,5.46047E-05,1.00619E-04,5.45509E-05,1.00572E-04,5.77644E-05,1.01252E-04,5.13818E-05,9.19170E-05,4.81091E-05,8.15055E-05,5.26673E-05,8.18074E-05,5.47934E-05,8.22447E-05,5.58120E-05,8.25350E-05,5.59340E-05,8.32306E-05,5.66209E-05,8.43456E-05,5.28483E-05,8.36473E-05,5.06555E-05,8.32504E-05,5.00368E-05,8.38941E-05,4.58273E-05,8.33059E-05,4.30625E-05,8.30159E-05,4.17189E-05,8.39561E-05,3.74768E-05,8.36937E-05,3.42373E-05,8.30830E-05,3.16968E-05,8.34273E-05,3.12319E-05,8.59814E-05,3.58296E-05,9.72423E-05,4.20105E-05,8.19975E-05,5.21605E-05,8.95499E-05,5.21226E-05,9.09303E-05,5.53447E-05,9.49746E-05,5.57472E-05,9.52070E-05,0.00000E+00,0.00000E+00,5.31451E-05,9.38208E-05,5.26010E-05,9.36579E-05,0.00000E+00,0.00000E+00,5.20104E-05,9.31936E-05,5.18659E-05,9.36968E-05,0.00000E+00,0.00000E+00,5.33605E-05,9.52327E-05,5.27528E-05,9.48257E-05,5.01313E-05,9.09208E-05,5.25773E-05,9.16880E-05,4.82087E-05,8.66968E-05,4.58187E-05,7.43415E-05,5.10875E-05,7.61645E-05,5.46512E-05,7.79646E-05,5.81224E-05,8.06259E-05,5.82823E-05,8.09185E-05,0.00000E+00,0.00000E+00,5.43480E-05,8.09884E-05,5.19736E-05,7.99184E-05,0.00000E+00,0.00000E+00,4.70571E-05,8.11712E-05,4.42311E-05,7.98426E-05,0.00000E+00,0.00000E+00,3.91850E-05,8.20627E-05,3.60114E-05,8.17688E-05,3.23491E-05,8.06355E-05,3.17005E-05,8.37930E-05,3.72308E-05,9.69115E-05,4.38098E-05,8.01085E-05,5.50275E-05,8.82816E-05,5.78915E-05,9.26536E-05,0.00000E+00,0.00000E+00,5.71617E-05,9.36421E-05,6.18045E-05,9.55647E-05,5.68794E-05,9.11167E-05,5.62481E-05,9.07094E-05,5.89447E-05,9.44317E-05,5.55828E-05,9.08088E-05,5.55307E-05,9.06740E-05,5.96423E-05,9.47343E-05,5.46110E-05,9.34634E-05,0.00000E+00,0.00000E+00,5.56168E-05,9.22012E-05,5.55677E-05,8.98697E-05,5.04818E-05,8.49730E-05,4.79879E-05,7.26285E-05,5.42017E-05,7.48817E-05,6.02782E-05,7.88113E-05,0.00000E+00,0.00000E+00,6.16209E-05,8.01455E-05,5.96303E-05,7.95967E-05,5.48086E-05,7.77687E-05,5.23496E-05,7.76685E-05,5.19162E-05,7.89674E-05,4.73773E-05,7.78293E-05,4.46621E-05,7.76478E-05,4.39554E-05,7.92924E-05,4.13171E-05,8.01284E-05,0.00000E+00,0.00000E+00,3.60078E-05,8.17470E-05,3.42061E-05,8.31663E-05,4.02262E-05,9.74632E-05,4.75131E-05,8.05440E-05,6.08017E-05,8.99240E-05,6.37405E-05,9.44287E-05,6.18416E-05,9.31900E-05,6.48614E-05,9.38729E-05,6.56712E-05,9.48101E-05,6.05490E-05,9.06350E-05,5.99801E-05,9.01162E-05,6.34813E-05,9.39652E-05,5.92622E-05,9.00205E-05,5.90780E-05,8.96983E-05,6.33304E-05,9.46500E-05,6.19952E-05,9.34383E-05,5.87921E-05,9.29132E-05,6.10732E-05,9.41000E-05,6.11436E-05,9.11472E-05,5.45910E-05,8.48169E-05,5.17638E-05,7.21984E-05,5.90157E-05,7.57151E-05,6.55914E-05,7.94684E-05,6.65462E-05,7.90434E-05,6.37564E-05,7.83638E-05,6.37360E-05,7.94655E-05,5.87305E-05,7.78893E-05,5.61844E-05,7.75833E-05,5.58764E-05,7.92428E-05,5.08126E-05,7.73664E-05,4.78313E-05,7.73720E-05,4.70213E-05,7.94734E-05,4.28555E-05,7.86415E-05,4.12788E-05,7.98554E-05,3.91839E-05,8.20357E-05,3.74503E-05,8.38522E-05,4.37798E-05,9.76070E-05,5.18239E-05,8.03367E-05,6.90198E-05,9.26518E-05,0.00000E+00,0.00000E+00,7.33559E-05,9.53668E-05,7.10228E-05,9.36587E-05,0.00000E+00,0.00000E+00,6.91680E-05,9.30337E-05,6.85852E-05,9.28432E-05,0.00000E+00,0.00000E+00,6.77727E-05,9.23736E-05,6.73586E-05,9.24259E-05,0.00000E+00,0.00000E+00,6.78037E-05,9.33960E-05,6.95552E-05,9.53786E-05,0.00000E+00,0.00000E+00,6.90644E-05,9.33623E-05,5.92948E-05,8.43903E-05,5.62167E-05,7.23415E-05,6.58608E-05,7.76666E-05,0.00000E+00,0.00000E+00,7.10102E-05,7.84559E-05,6.98139E-05,7.84199E-05,0.00000E+00,0.00000E+00,6.55423E-05,7.91776E-05,6.26835E-05,7.81177E-05,0.00000E+00,0.00000E+00,5.67907E-05,7.88949E-05,5.33266E-05,7.81259E-05,0.00000E+00,0.00000E+00,4.69952E-05,7.95642E-05,4.39337E-05,7.89286E-05,0.00000E+00,0.00000E+00,4.17084E-05,8.42341E-05,4.75169E-05,9.72680E-05,5.55387E-05,8.03408E-05,7.06592E-05,8.91140E-05,7.13130E-05,9.09987E-05,7.31342E-05,9.07122E-05,7.12523E-05,8.93559E-05,7.46165E-05,9.20693E-05,7.00164E-05,8.90300E-05,6.97032E-05,8.84807E-05,7.34211E-05,9.12938E-05,6.88386E-05,8.90600E-05,6.82285E-05,8.86458E-05,7.17781E-05,9.21955E-05,6.78959E-05,8.90580E-05,6.92855E-05,9.00910E-05,6.80333E-05,9.06961E-05,7.05679E-05,9.06181E-05,6.32791E-05,8.44807E-05,5.98419E-05,7.21523E-05,6.78955E-05,7.49795E-05,7.41653E-05,7.72965E-05,7.20700E-05,7.67011E-05,7.11710E-05,7.66276E-05,7.22677E-05,7.80537E-05,6.70889E-05,7.69057E-05,6.43502E-05,7.65821E-05,6.39416E-05,7.79570E-05,5.82331E-05,7.67621E-05,5.46761E-05,7.63386E-05,5.33352E-05,7.78885E-05,4.78304E-05,7.72654E-05,4.46520E-05,7.75311E-05,4.42173E-05,7.99880E-05,4.30488E-05,8.31630E-05,5.06728E-05,9.77834E-05,5.95752E-05,8.03710E-05,7.59122E-05,9.00180E-05,7.70026E-05,9.25186E-05,7.84506E-05,9.14485E-05,7.65468E-05,9.03332E-05,8.07789E-05,9.41664E-05,7.55752E-05,8.96266E-05,7.57280E-05,8.91665E-05,8.11371E-05,9.24653E-05,7.47128E-05,8.89078E-05,7.34983E-05,8.93373E-05,7.74915E-05,9.33861E-05,7.27428E-05,8.97664E-05,7.41149E-05,9.08987E-05,7.32114E-05,9.20067E-05,7.55335E-05,9.11252E-05,6.75369E-05,8.48019E-05,6.38647E-05,7.21263E-05,7.24279E-05,7.53185E-05,7.90966E-05,7.83904E-05,7.66317E-05,7.68674E-05,7.57011E-05,7.66030E-05,7.70836E-05,7.91179E-05,7.14720E-05,7.70523E-05,6.85924E-05,7.68525E-05,6.82533E-05,7.85816E-05,6.20282E-05,7.71328E-05,5.82004E-05,7.67561E-05,5.67906E-05,7.89866E-05,5.07985E-05,7.77373E-05,4.73615E-05,7.73153E-05,4.70262E-05,8.08236E-05,4.57936E-05,8.32722E-05,5.38917E-05,9.74393E-05,6.39380E-05,8.08192E-05,8.49126E-05,9.19411E-05,0.00000E+00,0.00000E+00,8.84838E-05,9.46543E-05,8.65644E-05,9.30795E-05,0.00000E+00,0.00000E+00,8.55504E-05,9.28437E-05,8.64655E-05,9.12102E-05,2.14956E-09,3.86926E-05,8.53014E-05,9.16349E-05,8.29500E-05,9.27208E-05,0.00000E+00,0.00000E+00,8.19502E-05,9.28786E-05,8.31391E-05,9.40924E-05,0.00000E+00,0.00000E+00,8.38828E-05,9.25892E-05,7.20239E-05,8.47107E-05,6.81253E-05,7.21867E-05,7.95109E-05,7.72268E-05,0.00000E+00,0.00000E+00,8.44224E-05,7.82281E-05,8.33178E-05,7.80512E-05,0.00000E+00,0.00000E+00,7.87324E-05,7.88680E-05,7.54556E-05,7.82905E-05,2.00019E-09,2.76491E-05,6.82248E-05,7.87193E-05,6.39057E-05,7.79429E-05,0.00000E+00,0.00000E+00,5.58566E-05,7.94653E-05,5.19008E-05,7.88732E-05,0.00000E+00,0.00000E+00,5.00046E-05,8.39737E-05,5.72528E-05,9.70822E-05,6.74261E-05,8.07291E-05,8.56749E-05,8.98597E-05,8.66448E-05,9.05560E-05,8.87763E-05,9.07757E-05,8.66960E-05,8.93672E-05,9.10961E-05,9.20360E-05,8.54066E-05,8.91402E-05,8.52318E-05,8.86342E-05,9.05375E-05,9.09342E-05,8.38388E-05,8.85546E-05,8.24404E-05,8.88410E-05,8.66054E-05,9.22373E-05,8.16031E-05,8.92949E-05,8.30793E-05,9.05503E-05,8.15739E-05,9.09521E-05,8.43862E-05,