seed = -655625046;
pop = 117000;
Inactive_Cycles = 1525;
Active_Cycles = 950;
Total_CPU_Time = 7.70958E+05;
Total_Transport_Time = 9.80366E+03;
Time_Per_Integration = 1.02993E-09;
Clock_Time = 1.02930E+04;
keff_keff = [ 1.07784E+00,2.42834E-05];

