seed = 215145367;
pop = 1750;
Inactive_Cycles = 1000;
Active_Cycles = 2600;
Total_CPU_Time = 4.04084E+03;
Total_Transport_Time = 3.89678E+02;
Time_Per_Integration = 6.73420E-09;
Clock_Time = 4.07717E+02;
keff_keff = [ 1.18646E+00,1.44580E-04];
fissionRate_fissionRate = reshape([ 9.02549E-05,5.31227E-04,8.95411E-05,5.25426E-04,8.82626E-05,5.23046E-04,8.80735E-05,5.25601E-04,8.85983E-05,5.19691E-04,8.84018E-05,5.19238E-04,8.72398E-05,5.21293E-04,8.66290E-05,5.24214E-04,8.62010E-05,5.20458E-04,8.46054E-05,5.22223E-04,8.34230E-05,5.21506E-04,8.29976E-05,5.21845E-04,8.18252E-05,5.19681E-04,8.03475E-05,5.23362E-04,7.97246E-05,5.19235E-04,8.10822E-05,5.19956E-04,8.71355E-05,5.10286E-04,7.56003E-05,4.75163E-04,7.95581E-05,4.66165E-04,8.09228E-05,4.67646E-04,8.01626E-05,4.56639E-04,7.86509E-05,4.62987E-04,7.63437E-05,4.58226E-04,7.30433E-05,4.61039E-04,6.97013E-05,4.61370E-04,6.60396E-05,4.58589E-04,6.21507E-05,4.60180E-04,5.78592E-05,4.62535E-04,5.39193E-05,4.62258E-04,4.96752E-05,4.61847E-04,4.54910E-05,4.61102E-04,4.17882E-05,4.58492E-04,4.02148E-05,4.58525E-04,4.35763E-05,4.73920E-04,6.15644E-05,4.23919E-04,7.79696E-05,4.63628E-04,7.65393E-05,4.65817E-04,7.69998E-05,4.62305E-04,7.89602E-05,4.60999E-04,8.27233E-05,4.65435E-04,7.73908E-05,4.64058E-04,7.67812E-05,4.61554E-04,8.03237E-05,4.66611E-04,7.48066E-05,4.64643E-04,7.39580E-05,4.63231E-04,7.73841E-05,4.63587E-04,7.25259E-05,4.59267E-04,7.02597E-05,4.59910E-04,6.93181E-05,4.60567E-04,7.20109E-05,4.66856E-04,6.36036E-05,4.29212E-04,5.89709E-05,3.88330E-04,6.40902E-05,3.89628E-04,6.63805E-05,3.91989E-04,6.69184E-05,3.97020E-04,6.66081E-05,3.98397E-04,6.70322E-05,4.00900E-04,6.19852E-05,3.96792E-04,5.92525E-05,3.96538E-04,5.82281E-05,4.02090E-04,5.29274E-05,3.99174E-04,4.94161E-05,3.95074E-04,4.75713E-05,4.04701E-04,4.25126E-05,4.03067E-04,3.88105E-05,3.96749E-04,3.56765E-05,3.99047E-04,3.51851E-05,4.11086E-04,4.03638E-05,4.59178E-04,5.67735E-05,3.88233E-04,7.06616E-05,4.15834E-04,7.16988E-05,4.20733E-04,7.73725E-05,4.36891E-04,7.82109E-05,4.34064E-04,0.00000E+00,0.00000E+00,7.37308E-05,4.29955E-04,7.21262E-05,4.24769E-04,0.00000E+00,0.00000E+00,7.10098E-05,4.25192E-04,7.03411E-05,4.26757E-04,0.00000E+00,0.00000E+00,7.15410E-05,4.29538E-04,7.00322E-05,4.30114E-04,6.46069E-05,4.18679E-04,6.61446E-05,4.22520E-04,5.99810E-05,4.08090E-04,5.63033E-05,3.56461E-04,6.24025E-05,3.65148E-04,6.62923E-05,3.75553E-04,7.00301E-05,3.88546E-04,6.99299E-05,3.90121E-04,0.00000E+00,0.00000E+00,6.42625E-05,3.90020E-04,6.09799E-05,3.82250E-04,0.00000E+00,0.00000E+00,5.44154E-05,3.90965E-04,5.08683E-05,3.86374E-04,0.00000E+00,0.00000E+00,4.50418E-05,3.94706E-04,4.12277E-05,3.92407E-04,3.65972E-05,3.86868E-04,3.58018E-05,3.98813E-04,4.20291E-05,4.59261E-04,5.96575E-05,3.83005E-04,7.57364E-05,4.12216E-04,8.18723E-05,4.28862E-04,0.00000E+00,0.00000E+00,8.12909E-05,4.26160E-04,8.69930E-05,4.30365E-04,7.85059E-05,4.15955E-04,7.69132E-05,4.15844E-04,8.14289E-05,4.27133E-04,7.52536E-05,4.19021E-04,7.50123E-05,4.15672E-04,8.11305E-05,4.30985E-04,7.42562E-05,4.23869E-04,0.00000E+00,0.00000E+00,7.34842E-05,4.25724E-04,7.11244E-05,4.20881E-04,6.34020E-05,3.98921E-04,5.94517E-05,3.53124E-04,6.69328E-05,3.58277E-04,7.39344E-05,3.82279E-04,0.00000E+00,0.00000E+00,7.41213E-05,3.86168E-04,7.14899E-05,3.81313E-04,6.52530E-05,3.75036E-04,6.16232E-05,3.76124E-04,6.09111E-05,3.80440E-04,5.51938E-05,3.75572E-04,5.15537E-05,3.74733E-04,5.07160E-05,3.83634E-04,4.74996E-05,3.87454E-04,0.00000E+00,0.00000E+00,4.10559E-05,3.95082E-04,3.87748E-05,3.96055E-04,4.55690E-05,4.63224E-04,6.60178E-05,3.79380E-04,8.56200E-05,4.18398E-04,9.15630E-05,4.31363E-04,8.86666E-05,4.25867E-04,9.19521E-05,4.27886E-04,9.35372E-05,4.35386E-04,8.45742E-05,4.16416E-04,8.30012E-05,4.14733E-04,8.85315E-05,4.33617E-04,8.13971E-05,4.14642E-04,8.04652E-05,4.12964E-04,8.70767E-05,4.33684E-04,8.39775E-05,4.28332E-04,7.99032E-05,4.22543E-04,8.18573E-05,4.32604E-04,7.90214E-05,4.24632E-04,6.90098E-05,4.00303E-04,6.48561E-05,3.52231E-04,7.34695E-05,3.62636E-04,8.08247E-05,3.81911E-04,8.16792E-05,3.79236E-04,7.74341E-05,3.77274E-04,7.70877E-05,3.79805E-04,7.04008E-05,3.73224E-04,6.65421E-05,3.72040E-04,6.60768E-05,3.85433E-04,5.94789E-05,3.76380E-04,5.57928E-05,3.75425E-04,5.44887E-05,3.85963E-04,4.96008E-05,3.80210E-04,4.73697E-05,3.83296E-04,4.48648E-05,3.96162E-04,4.27506E-05,4.03406E-04,5.00014E-05,4.61355E-04,7.29017E-05,3.83417E-04,9.88024E-05,4.28043E-04,0.00000E+00,0.00000E+00,1.06445E-04,4.32074E-04,1.02347E-04,4.28681E-04,0.00000E+00,0.00000E+00,9.82342E-05,4.31258E-04,9.69509E-05,4.26409E-04,0.00000E+00,0.00000E+00,9.51828E-05,4.25751E-04,9.32833E-05,4.28091E-04,0.00000E+00,0.00000E+00,9.32939E-05,4.27578E-04,9.47313E-05,4.36774E-04,0.00000E+00,0.00000E+00,9.13245E-05,4.29362E-04,7.59671E-05,3.96128E-04,7.10713E-05,3.48129E-04,8.26877E-05,3.73198E-04,0.00000E+00,0.00000E+00,8.72774E-05,3.77872E-04,8.50355E-05,3.78418E-04,0.00000E+00,0.00000E+00,7.87905E-05,3.81071E-04,7.49351E-05,3.80065E-04,0.00000E+00,0.00000E+00,6.68152E-05,3.84740E-04,6.24617E-05,3.79289E-04,0.00000E+00,0.00000E+00,5.45070E-05,3.87817E-04,5.06956E-05,3.85828E-04,0.00000E+00,0.00000E+00,4.80181E-05,4.05435E-04,5.43969E-05,4.58176E-04,7.89806E-05,3.82941E-04,1.01498E-04,4.15101E-04,1.04046E-04,4.17541E-04,1.05222E-04,4.19226E-04,1.02456E-04,4.12348E-04,1.07806E-04,4.24252E-04,9.91761E-05,4.10539E-04,9.80719E-05,4.08808E-04,1.03694E-04,4.20971E-04,9.57893E-05,4.11820E-04,9.44900E-05,4.09607E-04,9.97810E-05,4.22702E-04,9.24622E-05,4.10973E-04,9.41050E-05,4.18380E-04,9.23937E-05,4.17211E-04,9.32366E-05,4.19279E-04,8.16707E-05,3.99626E-04,7.63773E-05,3.45834E-04,8.59992E-05,3.60398E-04,9.29616E-05,3.74098E-04,8.92806E-05,3.66968E-04,8.76538E-05,3.68032E-04,8.83979E-05,3.76787E-04,8.12334E-05,3.71527E-04,7.74830E-05,3.70637E-04,7.65064E-05,3.76636E-04,6.93152E-05,3.67595E-04,6.45127E-05,3.70436E-04,6.27564E-05,3.78653E-04,5.59134E-05,3.71135E-04,5.18073E-05,3.74653E-04,5.11563E-05,3.82578E-04,4.98140E-05,3.98526E-04,5.83674E-05,4.60078E-04,8.60845E-05,3.82019E-04,1.10444E-04,4.17348E-04,1.14098E-04,4.24491E-04,1.13957E-04,4.20787E-04,1.11466E-04,4.16207E-04,1.18589E-04,4.31106E-04,1.08137E-04,4.15019E-04,1.06784E-04,4.12048E-04,1.14030E-04,4.31265E-04,1.04342E-04,4.15540E-04,1.02748E-04,4.09779E-04,1.09607E-04,4.31536E-04,1.01566E-04,4.14460E-04,1.01768E-04,4.17443E-04,1.01158E-04,4.25327E-04,1.00435E-04,4.20248E-04,8.80237E-05,3.99497E-04,8.22428E-05,3.49905E-04,9.23862E-05,3.62767E-04,9.98278E-05,3.77183E-04,9.63630E-05,3.65685E-04,9.42128E-05,3.68919E-04,9.53090E-05,3.80256E-04,8.74136E-05,3.72222E-04,8.33635E-05,3.71426E-04,8.24593E-05,3.82156E-04,7.44002E-05,3.73403E-04,6.91379E-05,3.71665E-04,6.72642E-05,3.84037E-04,5.98658E-05,3.76928E-04,5.54263E-05,3.74390E-04,5.48034E-05,3.93550E-04,5.32696E-05,4.00680E-04,6.24796E-05,4.61365E-04,9.33205E-05,3.81768E-04,1.26269E-04,4.24710E-04,0.00000E+00,0.00000E+00,1.31754E-04,4.36481E-04,1.28715E-04,4.28381E-04,0.00000E+00,0.00000E+00,1.26124E-04,4.31041E-04,1.24193E-04,4.25549E-04,3.06468E-09,3.35148E-04,1.21150E-04,4.23621E-04,1.18612E-04,4.20349E-04,0.00000E+00,0.00000E+00,1.16654E-04,4.25302E-04,1.17431E-04,4.32233E-04,0.00000E+00,0.00000E+00,1.14482E-04,4.25105E-04,9.52288E-05,3.97427E-04,8.88183E-05,3.48120E-04,1.03248E-04,3.69389E-04,0.00000E+00,0.00000E+00,1.07611E-04,3.71793E-04,1.04650E-04,3.75711E-04,0.00000E+00,0.00000E+00,9.72559E-05,3.79370E-04,9.21459E-05,3.76559E-04,2.43632E-09,2.61294E-04,8.24127E-05,3.80794E-04,7.71931E-05,3.74548E-04,0.00000E+00,0.00000E+00,6.61233E-05,3.90396E-04,6.11544E-05,3.81091E-04,0.00000E+00,0.00000E+00,5.83017E-05,4.01870E-04,6.68885E-05,4.59010E-04,9.98450E-05,3.79065E-04,1.28547E-04,4.16180E-04,1.31026E-04,4.19268E-04,1.32706E-04,4.17940E-04,1.29299E-04,4.11907E-04,1.35857E-04,4.23296E-04,1.25625E-04,4.10307E-04,1.23951E-04,4.09763E-04,1.30921E-04,4.22434E-04,1.20671E-04,4.09537E-04,1.18734E-04,4.06218E-04,1.25639E-04,4.23895E-04,1.16023E-04,4.11644E-04,1.16972E-04,4.16651E-04,1.14989E-04,4.15966E-04,1.15734E-04,