seed = -2012930406;
pop = 1750;
Inactive_Cycles = 1000;
Active_Cycles = 2600;
Total_CPU_Time = 1.09240E+03;
Total_Transport_Time = 1.11739E+02;
Time_Per_Integration = 5.72409E-09;
Clock_Time = 1.15509E+02;
keff_keff = [ 1.18666E+00,1.44968E-04];
fissionRate_fissionRate = reshape([ 9.02905E-05,8.52186E-04,8.94775E-05,8.27047E-04,8.94928E-05,8.15886E-04,8.91229E-05,8.31694E-04,8.86605E-05,8.28392E-04,8.87473E-05,8.15839E-04,8.83850E-05,8.34043E-04,8.72178E-05,8.20799E-04,8.67515E-05,8.23408E-04,8.54758E-05,8.38268E-04,8.42422E-05,8.30186E-04,8.35161E-05,8.21651E-04,8.21707E-05,8.13870E-04,8.06293E-05,8.20553E-04,7.98012E-05,8.24105E-04,8.11595E-05,8.15457E-04,8.70205E-05,7.81042E-04,7.59977E-05,7.28168E-04,8.03993E-05,7.10679E-04,8.13664E-05,7.18226E-04,8.02636E-05,7.12405E-04,7.89701E-05,7.11401E-04,7.68143E-05,7.13339E-04,7.36616E-05,7.05879E-04,6.98483E-05,7.13872E-04,6.67708E-05,7.12956E-04,6.24215E-05,6.98114E-04,5.84946E-05,7.16515E-04,5.45929E-05,7.08590E-04,4.99567E-05,7.14806E-04,4.58381E-05,7.06807E-04,4.20860E-05,7.15241E-04,4.05238E-05,7.14979E-04,4.37716E-05,7.28954E-04,6.15565E-05,6.75483E-04,7.81333E-05,7.26095E-04,7.67924E-05,7.19675E-04,7.78001E-05,7.20285E-04,7.91651E-05,7.27617E-04,8.34833E-05,7.22158E-04,7.77602E-05,7.20144E-04,7.69328E-05,7.27671E-04,8.06601E-05,7.19240E-04,7.54849E-05,7.15759E-04,7.47523E-05,7.26915E-04,7.82883E-05,7.10440E-04,7.33531E-05,7.24391E-04,7.04409E-05,7.12218E-04,6.93169E-05,7.11762E-04,7.24133E-05,7.20635E-04,6.38093E-05,6.69254E-04,5.91432E-05,5.94119E-04,6.43533E-05,5.94431E-04,6.63145E-05,6.03873E-04,6.73552E-05,6.00444E-04,6.70552E-05,6.14991E-04,6.77063E-05,6.12467E-04,6.24896E-05,6.07795E-04,5.94906E-05,6.09194E-04,5.83756E-05,6.08926E-04,5.31557E-05,6.04701E-04,4.97886E-05,6.02106E-04,4.79656E-05,6.18451E-04,4.27230E-05,6.21877E-04,3.89249E-05,6.13710E-04,3.57862E-05,6.12749E-04,3.51283E-05,6.33354E-04,4.06194E-05,7.10176E-04,5.71713E-05,6.12030E-04,7.10812E-05,6.54991E-04,7.19460E-05,6.58333E-04,7.77229E-05,6.80063E-04,7.82976E-05,6.84817E-04,0.00000E+00,0.00000E+00,7.38401E-05,6.62966E-04,7.29738E-05,6.68183E-04,0.00000E+00,0.00000E+00,7.14902E-05,6.55914E-04,7.07494E-05,6.61972E-04,0.00000E+00,0.00000E+00,7.23593E-05,6.76716E-04,7.05967E-05,6.80515E-04,6.50074E-05,6.50674E-04,6.68836E-05,6.57553E-04,6.02145E-05,6.25621E-04,5.67683E-05,5.43681E-04,6.25962E-05,5.49960E-04,6.65181E-05,5.71358E-04,7.06952E-05,5.84422E-04,7.03217E-05,5.87046E-04,0.00000E+00,0.00000E+00,6.45066E-05,5.91106E-04,6.13182E-05,5.83778E-04,0.00000E+00,0.00000E+00,5.46632E-05,6.01661E-04,5.11677E-05,5.93881E-04,0.00000E+00,0.00000E+00,4.47028E-05,6.08098E-04,4.09237E-05,5.99852E-04,3.65453E-05,6.01591E-04,3.57790E-05,6.18555E-04,4.21436E-05,7.14913E-04,6.05189E-05,6.11834E-04,7.62749E-05,6.36275E-04,8.19594E-05,6.73180E-04,0.00000E+00,0.00000E+00,8.15872E-05,6.68469E-04,8.73424E-05,6.71633E-04,7.88693E-05,6.52947E-04,7.75826E-05,6.42976E-04,8.23720E-05,6.52140E-04,7.60862E-05,6.44438E-04,7.55381E-05,6.49417E-04,8.18411E-05,6.61641E-04,7.49069E-05,6.59510E-04,0.00000E+00,0.00000E+00,7.41912E-05,6.58672E-04,7.13391E-05,6.53036E-04,6.37804E-05,6.15429E-04,6.00952E-05,5.27781E-04,6.73578E-05,5.42834E-04,7.42692E-05,5.75629E-04,0.00000E+00,0.00000E+00,7.48222E-05,5.88943E-04,7.16692E-05,5.81285E-04,6.55168E-05,5.69953E-04,6.21153E-05,5.63988E-04,6.10109E-05,5.81727E-04,5.53151E-05,5.71478E-04,5.18498E-05,5.70385E-04,5.09509E-05,5.88000E-04,4.75121E-05,5.89024E-04,0.00000E+00,0.00000E+00,4.09698E-05,6.06532E-04,3.88877E-05,6.13883E-04,4.55663E-05,7.22579E-04,6.61225E-05,6.09432E-04,8.56343E-05,6.48047E-04,9.18708E-05,6.74535E-04,8.88798E-05,6.40950E-04,9.22004E-05,6.68077E-04,9.37793E-05,6.72502E-04,8.49302E-05,6.48867E-04,8.37640E-05,6.46617E-04,8.96847E-05,6.67079E-04,8.21124E-05,6.25691E-04,8.08410E-05,6.40971E-04,8.76645E-05,6.72492E-04,8.50224E-05,6.65281E-04,8.10642E-05,6.48774E-04,8.30028E-05,6.62063E-04,8.01190E-05,6.52870E-04,6.98616E-05,6.18480E-04,6.52522E-05,5.29902E-04,7.39422E-05,5.51674E-04,8.16251E-05,5.69690E-04,8.20213E-05,5.72003E-04,7.77623E-05,5.74197E-04,7.70678E-05,5.81401E-04,7.05623E-05,5.61476E-04,6.69199E-05,5.69487E-04,6.62304E-05,5.96308E-04,5.95501E-05,5.72418E-04,5.56259E-05,5.70568E-04,5.46062E-05,5.93234E-04,4.95322E-05,5.83713E-04,4.76711E-05,5.92086E-04,4.47400E-05,6.12710E-04,4.28325E-05,6.16858E-04,4.97873E-05,7.09704E-04,7.32749E-05,6.09832E-04,9.96589E-05,6.66827E-04,0.00000E+00,0.00000E+00,1.07044E-04,6.68740E-04,1.03007E-04,6.60907E-04,0.00000E+00,0.00000E+00,9.91921E-05,6.62436E-04,9.76018E-05,6.56383E-04,0.00000E+00,0.00000E+00,9.57129E-05,6.53027E-04,9.44333E-05,6.55168E-04,0.00000E+00,0.00000E+00,9.44620E-05,6.49772E-04,9.57944E-05,6.69623E-04,0.00000E+00,0.00000E+00,9.24970E-05,6.64741E-04,7.63109E-05,6.20823E-04,7.15993E-05,5.26006E-04,8.30758E-05,5.58226E-04,0.00000E+00,0.00000E+00,8.79534E-05,5.68038E-04,8.52262E-05,5.75217E-04,0.00000E+00,0.00000E+00,7.91987E-05,5.86486E-04,7.45352E-05,5.82447E-04,0.00000E+00,0.00000E+00,6.71067E-05,5.74845E-04,6.23705E-05,5.68248E-04,0.00000E+00,0.00000E+00,5.43820E-05,5.92775E-04,5.08173E-05,5.80148E-04,0.00000E+00,0.00000E+00,4.76243E-05,6.14839E-04,5.43071E-05,6.98977E-04,7.91580E-05,6.05614E-04,1.01709E-04,6.40466E-04,1.04781E-04,6.44087E-04,1.06047E-04,6.34973E-04,1.02890E-04,6.31775E-04,1.07924E-04,6.51202E-04,1.00330E-04,6.22954E-04,9.82931E-05,6.35970E-04,1.04237E-04,6.50502E-04,9.62525E-05,6.39920E-04,9.54386E-05,6.35156E-04,1.01267E-04,6.52756E-04,9.39940E-05,6.30579E-04,9.44054E-05,6.46060E-04,9.29500E-05,6.33442E-04,9.35088E-05,6.53309E-04,8.21675E-05,6.10459E-04,7.67879E-05,5.22925E-04,8.60893E-05,5.43054E-04,9.33259E-05,5.59750E-04,8.99529E-05,5.54461E-04,8.81721E-05,5.53028E-04,8.86780E-05,5.65800E-04,8.16833E-05,5.60774E-04,7.72576E-05,5.67738E-04,7.63000E-05,5.69489E-04,6.89901E-05,5.59066E-04,6.43812E-05,5.61635E-04,6.24594E-05,5.77309E-04,5.56658E-05,5.72415E-04,5.16852E-05,5.68059E-04,5.10968E-05,5.87445E-04,4.95742E-05,5.96895E-04,5.82203E-05,7.14676E-04,8.59288E-05,6.00804E-04,1.11256E-04,6.50734E-04,1.15039E-04,6.53088E-04,1.15267E-04,6.49953E-04,1.11794E-04,6.52910E-04,1.18791E-04,6.65278E-04,1.08988E-04,6.38538E-04,1.07629E-04,6.35593E-04,1.14544E-04,6.71344E-04,1.05165E-04,6.46266E-04,1.03832E-04,6.37333E-04,1.10887E-04,6.75174E-04,1.01865E-04,6.39844E-04,1.02722E-04,6.41944E-04,1.01523E-04,6.59803E-04,1.01147E-04,6.54387E-04,8.84764E-05,6.15066E-04,8.24514E-05,5.20429E-04,9.28162E-05,5.50083E-04,1.00822E-04,5.72414E-04,9.67191E-05,5.61065E-04,9.44836E-05,5.61520E-04,9.52969E-05,5.76656E-04,8.75590E-05,5.68543E-04,8.31407E-05,5.62667E-04,8.21523E-05,5.77910E-04,7.40285E-05,5.70728E-04,6.91849E-05,5.65397E-04,6.70632E-05,5.83481E-04,5.95203E-05,5.78958E-04,5.51831E-05,5.68875E-04,5.44258E-05,6.00641E-04,5.28480E-05,6.03207E-04,6.21957E-05,7.06867E-04,9.41751E-05,6.00392E-04,1.26887E-04,6.70094E-04,0.00000E+00,0.00000E+00,1.33094E-04,6.68487E-04,1.29349E-04,6.57764E-04,0.00000E+00,0.00000E+00,1.26484E-04,6.58900E-04,1.24656E-04,6.49520E-04,3.05289E-09,2.43034E-04,1.21719E-04,6.57014E-04,1.20202E-04,6.48187E-04,0.00000E+00,0.00000E+00,1.17315E-04,6.63282E-04,1.18011E-04,6.72205E-04,0.00000E+00,0.00000E+00,1.15448E-04,6.64926E-04,9.56888E-05,6.16990E-04,8.90768E-05,5.21435E-04,1.02932E-04,5.57512E-04,0.00000E+00,0.00000E+00,1.07322E-04,5.62956E-04,1.04804E-04,5.61919E-04,0.00000E+00,0.00000E+00,9.74392E-05,5.72207E-04,9.22009E-05,5.65307E-04,2.42179E-09,1.71089E-04,8.24100E-05,5.81152E-04,7.67522E-05,5.77171E-04,0.00000E+00,0.00000E+00,6.60902E-05,5.81462E-04,6.09945E-05,5.82865E-04,0.00000E+00,0.00000E+00,5.82501E-05,6.16636E-04,6.64161E-05,7.09258E-04,1.00662E-04,5.99380E-04,1.29109E-04,6.43485E-04,1.31924E-04,6.47783E-04,1.33953E-04,6.42303E-04,1.29282E-04,6.40786E-04,1.36829E-04,6.49707E-04,1.26257E-04,6.32973E-04,1.24406E-04,6.24468E-04,1.31386E-04,6.51684E-04,1.21540E-04,6.30178E-04,1.19831E-04,6.22199E-04,1.25807E-04,6.58953E-04,1.16847E-04,6.37234E-04,1.17980E-04,6.37136E-04,1.15006E-04,6.43256E-04,1.16341E-04,