seed = -2009034347;
pop = 1750;
Inactive_Cycles = 1000;
Active_Cycles = 2600;
Total_CPU_Time = 2.12010E+03;
Total_Transport_Time = 1.98264E+02;
Time_Per_Integration = 3.42615E-09;
Clock_Time = 2.09121E+02;
keff_keff = [ 1.18672E+00,1.50856E-04];
fissionRate_fissionRate = reshape([ 9.17540E-05,5.12969E-04,9.06445E-05,5.05412E-04,8.96497E-05,5.03320E-04,8.95547E-05,5.06433E-04,8.97781E-05,5.03012E-04,8.95544E-05,4.97550E-04,8.85890E-05,5.02517E-04,8.80838E-05,5.03684E-04,8.73581E-05,5.01483E-04,8.63287E-05,4.98845E-04,8.50335E-05,5.02899E-04,8.41631E-05,4.99143E-04,8.27173E-05,5.00734E-04,8.10891E-05,4.99739E-04,8.04937E-05,5.04144E-04,8.19175E-05,5.03030E-04,8.83915E-05,4.91597E-04,7.67219E-05,4.46080E-04,8.09070E-05,4.43889E-04,8.16157E-05,4.39371E-04,8.13582E-05,4.36332E-04,7.97620E-05,4.37647E-04,7.72393E-05,4.37834E-04,7.43144E-05,4.37130E-04,7.06992E-05,4.38623E-04,6.69012E-05,4.39832E-04,6.29664E-05,4.36909E-04,5.87966E-05,4.38370E-04,5.47911E-05,4.35049E-04,5.03757E-05,4.38355E-04,4.59856E-05,4.37281E-04,4.24543E-05,4.37657E-04,4.05706E-05,4.36920E-04,4.37690E-05,4.55386E-04,6.26331E-05,4.11679E-04,7.88948E-05,4.50510E-04,7.78036E-05,4.49953E-04,7.83194E-05,4.49943E-04,8.01090E-05,4.50270E-04,8.38469E-05,4.51131E-04,7.87431E-05,4.47258E-04,7.81802E-05,4.44602E-04,8.11644E-05,4.53181E-04,7.65064E-05,4.48274E-04,7.58107E-05,4.46966E-04,7.89782E-05,4.50765E-04,7.41213E-05,4.48468E-04,7.11592E-05,4.46769E-04,7.01720E-05,4.47966E-04,7.33373E-05,4.56393E-04,6.44498E-05,4.16152E-04,5.97840E-05,3.66074E-04,6.50499E-05,3.71356E-04,6.72295E-05,3.70003E-04,6.77711E-05,3.74536E-04,6.75564E-05,3.80772E-04,6.79554E-05,3.81528E-04,6.29022E-05,3.77398E-04,6.00462E-05,3.76585E-04,5.86038E-05,3.85192E-04,5.33846E-05,3.82977E-04,5.00976E-05,3.80651E-04,4.80903E-05,3.85056E-04,4.32360E-05,3.83881E-04,3.92578E-05,3.77367E-04,3.61331E-05,3.83614E-04,3.53143E-05,3.93334E-04,4.06575E-05,4.36944E-04,5.75400E-05,3.72487E-04,7.17428E-05,4.04237E-04,7.26259E-05,4.04170E-04,7.80552E-05,4.18519E-04,7.91651E-05,4.18138E-04,0.00000E+00,0.00000E+00,7.44769E-05,4.12927E-04,7.36321E-05,4.09250E-04,0.00000E+00,0.00000E+00,7.22194E-05,4.12033E-04,7.13461E-05,4.12826E-04,0.00000E+00,0.00000E+00,7.28365E-05,4.19562E-04,7.08971E-05,4.16691E-04,6.53242E-05,4.09781E-04,6.73106E-05,4.11574E-04,6.10709E-05,3.91949E-04,5.70229E-05,3.37218E-04,6.33325E-05,3.43119E-04,6.73767E-05,3.54568E-04,7.08551E-05,3.65528E-04,7.06798E-05,3.69762E-04,0.00000E+00,0.00000E+00,6.47861E-05,3.69877E-04,6.15550E-05,3.70089E-04,0.00000E+00,0.00000E+00,5.49598E-05,3.70539E-04,5.12848E-05,3.68552E-04,0.00000E+00,0.00000E+00,4.51267E-05,3.76769E-04,4.12857E-05,3.76322E-04,3.69160E-05,3.71677E-04,3.60224E-05,3.83353E-04,4.23233E-05,4.36725E-04,6.07211E-05,3.66157E-04,7.68443E-05,3.95548E-04,8.27526E-05,4.09535E-04,0.00000E+00,0.00000E+00,8.19948E-05,4.10857E-04,8.77668E-05,4.19552E-04,8.00064E-05,4.04807E-04,7.83362E-05,4.01496E-04,8.24909E-05,4.15918E-04,7.66247E-05,4.02152E-04,7.66940E-05,3.99074E-04,8.24197E-05,4.15971E-04,7.50457E-05,4.13523E-04,0.00000E+00,0.00000E+00,7.46154E-05,4.09708E-04,7.18096E-05,4.04651E-04,6.40061E-05,3.86625E-04,6.02230E-05,3.31903E-04,6.77326E-05,3.38950E-04,7.44164E-05,3.58868E-04,0.00000E+00,0.00000E+00,7.49999E-05,3.64908E-04,7.19008E-05,3.64905E-04,6.58089E-05,3.58150E-04,6.19715E-05,3.55043E-04,6.11229E-05,3.60839E-04,5.53852E-05,3.58264E-04,5.23373E-05,3.54247E-04,5.09699E-05,3.62671E-04,4.76740E-05,3.67135E-04,0.00000E+00,0.00000E+00,4.11358E-05,3.77666E-04,3.90174E-05,3.81548E-04,4.58106E-05,4.39713E-04,6.65211E-05,3.64288E-04,8.66151E-05,4.00511E-04,9.27208E-05,4.15701E-04,8.99028E-05,4.06239E-04,9.32932E-05,4.06832E-04,9.45907E-05,4.19444E-04,8.55054E-05,3.99115E-04,8.43434E-05,4.00250E-04,8.97433E-05,4.17340E-04,8.26249E-05,3.97065E-04,8.20736E-05,4.01068E-04,8.83992E-05,4.21598E-04,8.52157E-05,4.09658E-04,8.06681E-05,4.06729E-04,8.31032E-05,4.17352E-04,8.01938E-05,4.09711E-04,6.99057E-05,3.82233E-04,6.54716E-05,3.28439E-04,7.42889E-05,3.41742E-04,8.19768E-05,3.62990E-04,8.21405E-05,3.59664E-04,7.83090E-05,3.54671E-04,7.72080E-05,3.64127E-04,7.10486E-05,3.54812E-04,6.73900E-05,3.55562E-04,6.61676E-05,3.64882E-04,5.99453E-05,3.57239E-04,5.60679E-05,3.56692E-04,5.49695E-05,3.67042E-04,4.98340E-05,3.60417E-04,4.77504E-05,3.65031E-04,4.50979E-05,3.77728E-04,4.28319E-05,3.83553E-04,4.98990E-05,4.41171E-04,7.37026E-05,3.61736E-04,1.00226E-04,4.11978E-04,0.00000E+00,0.00000E+00,1.07222E-04,4.18528E-04,1.03107E-04,4.13743E-04,0.00000E+00,0.00000E+00,9.93854E-05,4.14206E-04,9.82594E-05,4.05692E-04,0.00000E+00,0.00000E+00,9.57804E-05,4.11349E-04,9.47308E-05,4.13401E-04,0.00000E+00,0.00000E+00,9.45122E-05,4.12119E-04,9.60126E-05,4.20109E-04,0.00000E+00,0.00000E+00,9.24873E-05,4.15622E-04,7.69730E-05,3.83521E-04,7.16712E-05,3.30675E-04,8.32896E-05,3.56280E-04,0.00000E+00,0.00000E+00,8.80996E-05,3.57476E-04,8.61210E-05,3.56392E-04,0.00000E+00,0.00000E+00,7.93350E-05,3.61107E-04,7.55174E-05,3.56252E-04,0.00000E+00,0.00000E+00,6.73867E-05,3.63569E-04,6.28076E-05,3.61235E-04,0.00000E+00,0.00000E+00,5.47875E-05,3.67235E-04,5.06645E-05,3.65607E-04,0.00000E+00,0.00000E+00,4.80684E-05,3.86239E-04,5.45430E-05,4.35704E-04,8.01206E-05,3.61808E-04,1.02587E-04,3.96266E-04,1.05019E-04,3.98670E-04,1.06697E-04,4.01275E-04,1.03260E-04,3.96129E-04,1.08473E-04,4.08164E-04,1.00330E-04,3.98468E-04,9.91948E-05,3.96442E-04,1.04823E-04,4.03548E-04,9.74393E-05,3.90975E-04,9.55700E-05,3.95194E-04,1.01311E-04,4.06793E-04,9.45118E-05,3.97510E-04,9.51920E-05,4.00694E-04,9.34137E-05,4.02758E-04,9.43109E-05,4.05055E-04,8.24315E-05,3.80456E-04,7.68056E-05,3.25647E-04,8.64830E-05,3.40363E-04,9.37965E-05,3.48862E-04,9.02630E-05,3.45973E-04,8.86215E-05,3.47515E-04,8.88913E-05,3.55591E-04,8.20227E-05,3.50060E-04,7.80046E-05,3.50025E-04,7.66879E-05,3.55385E-04,6.95535E-05,3.54255E-04,6.48559E-05,3.52481E-04,6.30803E-05,3.56043E-04,5.60807E-05,3.55052E-04,5.17201E-05,3.56215E-04,5.09752E-05,3.66938E-04,4.96908E-05,3.81709E-04,5.85342E-05,4.40304E-04,8.67206E-05,3.59171E-04,1.11594E-04,4.00479E-04,1.14981E-04,4.06315E-04,1.16022E-04,4.02619E-04,1.12817E-04,3.98483E-04,1.19094E-04,4.17100E-04,1.09192E-04,3.97052E-04,1.08191E-04,3.95623E-04,1.15628E-04,4.12464E-04,1.06076E-04,3.96695E-04,1.04839E-04,3.93830E-04,1.11217E-04,4.13495E-04,1.02205E-04,3.97422E-04,1.02916E-04,4.01730E-04,1.01796E-04,4.07557E-04,1.01749E-04,4.08663E-04,8.89496E-05,3.86254E-04,8.28293E-05,3.28527E-04,9.32749E-05,3.41804E-04,1.01086E-04,3.56885E-04,9.70879E-05,3.48608E-04,9.45361E-05,3.49555E-04,9.55782E-05,3.60332E-04,8.78244E-05,3.53328E-04,8.38109E-05,3.48743E-04,8.24797E-05,3.60475E-04,7.45847E-05,3.53857E-04,6.92349E-05,3.53343E-04,6.76305E-05,3.62000E-04,5.98547E-05,3.55773E-04,5.52620E-05,3.59198E-04,5.49014E-05,3.73410E-04,5.32861E-05,3.82223E-04,6.28086E-05,4.34857E-04,9.40275E-05,3.61278E-04,1.27357E-04,4.11520E-04,0.00000E+00,0.00000E+00,1.33731E-04,4.14468E-04,1.29782E-04,4.10658E-04,0.00000E+00,0.00000E+00,1.27002E-04,4.11843E-04,1.25388E-04,4.08526E-04,3.09025E-09,1.47860E-04,1.22105E-04,4.11870E-04,1.20489E-04,4.07052E-04,0.00000E+00,0.00000E+00,1.18176E-04,4.08879E-04,1.18418E-04,4.17760E-04,0.00000E+00,0.00000E+00,1.15536E-04,4.12922E-04,9.65730E-05,3.84341E-04,8.95486E-05,3.27826E-04,1.03551E-04,3.47517E-04,0.00000E+00,0.00000E+00,1.07899E-04,3.56652E-04,1.05507E-04,3.55506E-04,0.00000E+00,0.00000E+00,9.77365E-05,3.59737E-04,9.28463E-05,3.55042E-04,2.44334E-09,1.01759E-04,8.27453E-05,3.62822E-04,7.69524E-05,3.54810E-04,0.00000E+00,0.00000E+00,6.63776E-05,3.63913E-04,6.13567E-05,3.63791E-04,0.00000E+00,0.00000E+00,5.86047E-05,3.87358E-04,6.69761E-05,4.39801E-04,1.00697E-04,3.62926E-04,1.29758E-04,3.96681E-04,1.31990E-04,4.00246E-04,1.34074E-04,4.02106E-04,1.29918E-04,3.95037E-04,1.37166E-04,4.06854E-04,1.26775E-04,3.91986E-04,1.25406E-04,3.91322E-04,1.32108E-04,4.05806E-04,1.21765E-04,3.95947E-04,1.20090E-04,3.91038E-04,1.26370E-04,4.05314E-04,1.17349E-04,3.94624E-04,1.18391E-04,3.99811E-04,1.15499E-04,4.00749E-04,1.16717E-04,