seed = 1905383214;
pop = 40950;
Inactive_Cycles = 1525;
Active_Cycles = 950;
Total_CPU_Time = 1.47482E+05;
Total_Transport_Time = 1.91060E+03;
Time_Per_Integration = 1.85596E-09;
Clock_Time = 1.94684E+03;
keff_keff = [ 1.07800E+00,3.99097E-05];
fissionRate_fissionRate = reshape([ 6.78269E-05,2.08851E-04,6.69494E-05,2.05180E-04,6.64861E-05,2.05517E-04,6.64132E-05,2.04834E-04,6.64274E-05,2.05718E-04,6.64391E-05,2.04434E-04,6.59267E-05,2.04670E-04,6.56628E-05,2.05707E-04,6.54422E-05,2.04795E-04,6.48821E-05,2.05048E-04,6.45863E-05,2.04433E-04,6.43468E-05,2.03404E-04,6.36058E-05,2.03555E-04,6.31408E-05,2.03597E-04,6.33285E-05,2.03033E-04,6.49304E-05,2.01060E-04,7.04138E-05,1.97402E-04,6.18720E-05,1.83007E-04,6.55789E-05,1.78835E-04,6.67850E-05,1.78330E-04,6.67689E-05,1.78202E-04,6.59868E-05,1.76814E-04,6.46483E-05,1.76201E-04,6.22027E-05,1.76735E-04,5.96500E-05,1.77046E-04,5.71527E-05,1.75692E-04,5.39027E-05,1.76541E-04,5.07077E-05,1.76371E-04,4.75257E-05,1.75704E-04,4.37267E-05,1.75731E-04,4.01864E-05,1.76225E-04,3.71760E-05,1.76408E-04,3.57915E-05,1.76018E-04,3.86187E-05,1.82506E-04,4.61097E-05,1.65282E-04,5.80667E-05,1.79650E-04,5.69471E-05,1.79014E-04,5.73049E-05,1.79533E-04,5.82011E-05,1.81478E-04,6.06020E-05,1.82459E-04,5.74809E-05,1.81058E-04,5.70100E-05,1.80784E-04,5.93652E-05,1.82762E-04,5.64228E-05,1.81157E-04,5.62073E-05,1.81211E-04,5.85587E-05,1.82115E-04,5.57365E-05,1.79990E-04,5.45481E-05,1.78264E-04,5.45203E-05,1.78811E-04,5.77301E-05,1.79187E-04,5.14126E-05,1.64576E-04,4.80917E-05,1.48055E-04,5.26600E-05,1.48425E-04,5.47654E-05,1.49101E-04,5.57871E-05,1.49428E-04,5.58928E-05,1.51099E-04,5.64784E-05,1.53403E-04,5.27724E-05,1.51542E-04,5.05784E-05,1.51028E-04,4.99674E-05,1.52448E-04,4.57564E-05,1.51128E-04,4.30063E-05,1.51226E-04,4.16809E-05,1.52521E-04,3.73862E-05,1.51504E-04,3.41691E-05,1.50860E-04,3.16578E-05,1.52150E-04,3.11916E-05,1.56381E-04,3.57876E-05,1.75396E-04,4.20637E-05,1.48062E-04,5.21996E-05,1.59839E-04,5.21678E-05,1.61486E-04,5.54436E-05,1.69234E-04,5.57814E-05,1.70007E-04,0.00000E+00,0.00000E+00,5.31900E-05,1.67296E-04,5.25962E-05,1.66181E-04,0.00000E+00,0.00000E+00,5.20476E-05,1.66206E-04,5.19008E-05,1.65507E-04,0.00000E+00,0.00000E+00,5.33693E-05,1.69409E-04,5.27590E-05,1.67683E-04,5.01187E-05,1.61221E-04,5.25090E-05,1.62749E-04,4.81833E-05,1.53795E-04,4.57998E-05,1.35558E-04,5.10552E-05,1.38417E-04,5.46311E-05,1.42232E-04,5.81173E-05,1.46936E-04,5.82139E-05,1.46981E-04,0.00000E+00,0.00000E+00,5.42937E-05,1.47052E-04,5.18889E-05,1.45716E-04,0.00000E+00,0.00000E+00,4.69836E-05,1.46410E-04,4.41126E-05,1.45725E-04,0.00000E+00,0.00000E+00,3.91514E-05,1.49006E-04,3.59843E-05,1.48708E-04,3.22871E-05,1.47491E-04,3.16485E-05,1.51772E-04,3.71787E-05,1.75538E-04,4.38666E-05,1.45394E-04,5.51266E-05,1.57825E-04,5.80032E-05,1.65561E-04,0.00000E+00,0.00000E+00,5.72325E-05,1.67713E-04,6.19158E-05,1.69627E-04,5.69540E-05,1.62446E-04,5.63144E-05,1.61451E-04,5.90459E-05,1.67911E-04,5.56044E-05,1.61485E-04,5.55780E-05,1.61668E-04,5.96377E-05,1.68810E-04,5.46549E-05,1.66496E-04,0.00000E+00,0.00000E+00,5.56266E-05,1.63751E-04,5.55224E-05,1.59810E-04,5.04651E-05,1.51568E-04,4.79824E-05,1.32681E-04,5.41590E-05,1.36568E-04,6.02797E-05,1.44028E-04,0.00000E+00,0.00000E+00,6.15996E-05,1.45949E-04,5.95784E-05,1.44657E-04,5.47757E-05,1.41495E-04,5.23046E-05,1.41294E-04,5.18606E-05,1.43648E-04,4.73163E-05,1.40870E-04,4.45828E-05,1.41475E-04,4.38973E-05,1.43414E-04,4.12583E-05,1.44927E-04,0.00000E+00,0.00000E+00,3.59583E-05,1.48734E-04,3.41423E-05,1.50698E-04,4.01680E-05,1.76332E-04,4.76010E-05,1.46016E-04,6.08769E-05,1.60274E-04,6.38073E-05,1.68625E-04,6.19126E-05,1.66489E-04,6.49348E-05,1.66629E-04,6.57485E-05,1.68827E-04,6.06326E-05,1.61995E-04,6.00287E-05,1.60401E-04,6.35717E-05,1.67720E-04,5.93727E-05,1.60342E-04,5.91011E-05,1.60028E-04,6.33275E-05,1.69048E-04,6.20335E-05,1.66147E-04,5.88505E-05,1.65519E-04,6.10715E-05,1.67937E-04,6.11195E-05,1.63047E-04,5.45641E-05,1.51512E-04,5.17967E-05,1.31462E-04,5.89607E-05,1.37183E-04,6.55868E-05,1.44735E-04,6.64940E-05,1.43692E-04,6.37247E-05,1.42809E-04,6.37235E-05,1.45255E-04,5.87364E-05,1.40875E-04,5.61548E-05,1.40411E-04,5.58226E-05,1.44122E-04,5.07801E-05,1.41233E-04,4.78202E-05,1.40883E-04,4.69648E-05,1.44483E-04,4.28609E-05,1.42644E-04,4.12930E-05,1.45411E-04,3.91931E-05,1.48383E-04,3.74063E-05,1.51842E-04,4.37235E-05,1.75707E-04,5.19086E-05,1.45797E-04,6.91481E-05,1.64976E-04,0.00000E+00,0.00000E+00,7.35074E-05,1.69677E-04,7.11592E-05,1.66534E-04,0.00000E+00,0.00000E+00,6.92143E-05,1.65578E-04,6.86174E-05,1.64971E-04,0.00000E+00,0.00000E+00,6.78362E-05,1.64953E-04,6.74826E-05,1.64436E-04,0.00000E+00,0.00000E+00,6.78535E-05,1.66310E-04,6.96570E-05,1.69635E-04,0.00000E+00,0.00000E+00,6.90390E-05,1.66328E-04,5.93123E-05,1.51365E-04,5.62471E-05,1.32447E-04,6.58968E-05,1.41489E-04,0.00000E+00,0.00000E+00,7.09740E-05,1.42281E-04,6.97789E-05,1.42945E-04,0.00000E+00,0.00000E+00,6.55369E-05,1.44123E-04,6.26967E-05,1.42052E-04,0.00000E+00,0.00000E+00,5.67453E-05,1.43469E-04,5.32666E-05,1.42240E-04,0.00000E+00,0.00000E+00,4.70095E-05,1.44602E-04,4.39378E-05,1.43923E-04,0.00000E+00,0.00000E+00,4.16782E-05,1.52421E-04,4.75124E-05,1.76077E-04,5.56475E-05,1.45443E-04,7.07450E-05,1.58935E-04,7.14879E-05,1.61600E-04,7.33126E-05,1.61930E-04,7.13372E-05,1.60120E-04,7.46965E-05,1.64753E-04,7.01423E-05,1.58040E-04,6.98184E-05,1.57969E-04,7.35360E-05,1.62463E-04,6.88575E-05,1.57729E-04,6.82927E-05,1.58566E-04,7.19030E-05,1.62629E-04,6.80073E-05,1.58364E-04,6.92946E-05,1.60866E-04,6.80619E-05,1.61399E-04,7.04968E-05,1.61924E-04,6.32866E-05,1.51310E-04,5.98399E-05,1.31590E-04,6.79165E-05,1.36463E-04,7.41652E-05,1.41128E-04,7.20065E-05,1.39433E-04,7.11480E-05,1.39504E-04,7.22563E-05,1.41978E-04,6.71225E-05,1.40045E-04,6.43101E-05,1.39218E-04,6.38851E-05,1.41596E-04,5.81829E-05,1.40135E-04,5.46652E-05,1.39268E-04,5.32919E-05,1.42127E-04,4.78110E-05,1.41150E-04,4.46516E-05,1.40872E-04,4.42150E-05,1.45174E-04,4.29847E-05,1.51196E-04,5.07180E-05,1.75316E-04,5.96799E-05,1.45720E-04,7.60540E-05,1.59935E-04,7.72235E-05,1.64799E-04,7.85912E-05,1.62966E-04,7.66944E-05,1.61061E-04,8.08596E-05,1.66599E-04,7.57189E-05,1.59482E-04,7.57942E-05,1.58466E-04,8.12739E-05,1.64233E-04,7.47809E-05,1.58309E-04,7.35337E-05,1.58985E-04,7.76576E-05,1.66692E-04,7.28101E-05,1.59789E-04,7.41424E-05,1.61350E-04,7.32232E-05,1.64281E-04,7.55379E-05,1.62225E-04,6.75140E-05,1.51420E-04,6.38001E-05,1.31255E-04,7.24615E-05,1.36887E-04,7.91681E-05,1.42887E-04,7.66771E-05,1.40259E-04,7.56687E-05,1.40098E-04,7.71139E-05,1.43603E-04,7.14636E-05,1.40130E-04,6.85846E-05,1.40168E-04,6.82733E-05,1.44130E-04,6.20170E-05,1.40411E-04,5.82325E-05,1.40455E-04,5.68067E-05,1.43163E-04,5.07948E-05,1.40860E-04,4.73260E-05,1.41713E-04,4.70395E-05,1.46961E-04,4.57793E-05,1.51473E-04,5.38994E-05,1.75833E-04,6.40559E-05,1.45702E-04,8.51041E-05,1.64818E-04,0.00000E+00,0.00000E+00,8.85861E-05,1.68984E-04,8.66244E-05,1.66356E-04,0.00000E+00,0.00000E+00,8.56576E-05,1.65534E-04,8.66064E-05,1.63807E-04,2.15142E-09,7.92271E-05,8.53585E-05,1.62279E-04,8.30544E-05,1.64011E-04,0.00000E+00,0.00000E+00,8.20420E-05,1.65209E-04,8.31785E-05,1.67772E-04,0.00000E+00,0.00000E+00,8.39179E-05,1.64637E-04,7.20570E-05,1.51339E-04,6.81608E-05,1.32715E-04,7.95345E-05,1.40837E-04,0.00000E+00,0.00000E+00,8.43908E-05,1.43085E-04,8.33152E-05,1.42019E-04,0.00000E+00,0.00000E+00,7.87537E-05,1.43507E-04,7.54355E-05,1.42385E-04,2.00227E-09,5.97593E-05,6.82602E-05,1.43722E-04,6.39143E-05,1.42241E-04,0.00000E+00,0.00000E+00,5.58799E-05,1.44783E-04,5.18759E-05,1.43438E-04,0.00000E+00,0.00000E+00,4.99670E-05,1.52046E-04,5.71791E-05,1.76170E-04,6.76040E-05,1.45328E-04,8.58890E-05,1.59728E-04,8.67802E-05,1.62955E-04,8.88459E-05,1.61735E-04,8.67847E-05,1.59340E-04,9.12052E-05,1.63594E-04,8.54966E-05,1.58504E-04,8.52659E-05,1.57340E-04,9.06244E-05,1.61743E-04,8.39444E-05,1.57655E-04,8.25011E-05,1.58753E-04,8.66593E-05,1.63683E-04,8.16442E-05,1.58874E-04,8.30780E-05,1.60516E-04,8.16412E-05,1.62079E-04,8.44988E-05,