seed = -275805713;
pop = 1750;
Inactive_Cycles = 1000;
Active_Cycles = 2600;
Total_CPU_Time = 4.50107E+03;
Total_Transport_Time = 4.37176E+02;
Time_Per_Integration = 7.55425E-09;
Clock_Time = 4.57679E+02;
keff_keff = [ 1.18659E+00,1.49511E-04];
fissionRate_fissionRate = reshape([ 9.08563E-05,5.29550E-04,8.92612E-05,5.24212E-04,8.89336E-05,5.21386E-04,8.85725E-05,5.19941E-04,8.87370E-05,5.26498E-04,8.86730E-05,5.18496E-04,8.75017E-05,5.25285E-04,8.69258E-05,5.19773E-04,8.60386E-05,5.16697E-04,8.47160E-05,5.19912E-04,8.37500E-05,5.19570E-04,8.32527E-05,5.19009E-04,8.17142E-05,5.20022E-04,8.02727E-05,5.20763E-04,7.98196E-05,5.21405E-04,8.05340E-05,5.13585E-04,8.64468E-05,5.08485E-04,7.59676E-05,4.66584E-04,7.97812E-05,4.64342E-04,8.05962E-05,4.61409E-04,8.00838E-05,4.63292E-04,7.82076E-05,4.59438E-04,7.65789E-05,4.59537E-04,7.31571E-05,4.56619E-04,6.97955E-05,4.63715E-04,6.61832E-05,4.58995E-04,6.19784E-05,4.58601E-04,5.76358E-05,4.63747E-04,5.38427E-05,4.58919E-04,4.94889E-05,4.61633E-04,4.51696E-05,4.60281E-04,4.16081E-05,4.60656E-04,3.99041E-05,4.61122E-04,4.32389E-05,4.78106E-04,6.22537E-05,4.23513E-04,7.80074E-05,4.63811E-04,7.67842E-05,4.58251E-04,7.76315E-05,4.56439E-04,7.93466E-05,4.63724E-04,8.29235E-05,4.69388E-04,7.75924E-05,4.62338E-04,7.65835E-05,4.62185E-04,8.01940E-05,4.64670E-04,7.51050E-05,4.61202E-04,7.39544E-05,4.63719E-04,7.81891E-05,4.63537E-04,7.28141E-05,4.62918E-04,7.01036E-05,4.61649E-04,6.91046E-05,4.59002E-04,7.18008E-05,4.67592E-04,6.31651E-05,4.28699E-04,5.92658E-05,3.88696E-04,6.40905E-05,3.88619E-04,6.64320E-05,3.91702E-04,6.68409E-05,3.91441E-04,6.64568E-05,3.98817E-04,6.71291E-05,4.03797E-04,6.20445E-05,3.98644E-04,5.90578E-05,4.00582E-04,5.81143E-05,4.03562E-04,5.25811E-05,4.00575E-04,4.92280E-05,3.97242E-04,4.74724E-05,4.01522E-04,4.23428E-05,3.99892E-04,3.84306E-05,3.99997E-04,3.55615E-05,3.98441E-04,3.48367E-05,4.13255E-04,4.00310E-05,4.62295E-04,5.73499E-05,3.86302E-04,7.13861E-05,4.13900E-04,7.17553E-05,4.18763E-04,7.77847E-05,4.32460E-04,7.86043E-05,4.32637E-04,0.00000E+00,0.00000E+00,7.37138E-05,4.30632E-04,7.26408E-05,4.29802E-04,0.00000E+00,0.00000E+00,7.11163E-05,4.27823E-04,7.06608E-05,4.26272E-04,0.00000E+00,0.00000E+00,7.19639E-05,4.32263E-04,7.03078E-05,4.33324E-04,6.47488E-05,4.20954E-04,6.60881E-05,4.24756E-04,6.00432E-05,4.05335E-04,5.66957E-05,3.58131E-04,6.26321E-05,3.66392E-04,6.65601E-05,3.77932E-04,7.01279E-05,3.84749E-04,6.97468E-05,3.88214E-04,0.00000E+00,0.00000E+00,6.42181E-05,3.89372E-04,6.08855E-05,3.87851E-04,0.00000E+00,0.00000E+00,5.42726E-05,3.89581E-04,5.05253E-05,3.84415E-04,0.00000E+00,0.00000E+00,4.44885E-05,3.96676E-04,4.06468E-05,3.94920E-04,3.62500E-05,3.89283E-04,3.53967E-05,3.97881E-04,4.17898E-05,4.60109E-04,6.01728E-05,3.83375E-04,7.60443E-05,4.11315E-04,8.20440E-05,4.28013E-04,0.00000E+00,0.00000E+00,8.14067E-05,4.28597E-04,8.73450E-05,4.35276E-04,7.90158E-05,4.16911E-04,7.74588E-05,4.18231E-04,8.17773E-05,4.31978E-04,7.58897E-05,4.18355E-04,7.52251E-05,4.17230E-04,8.13415E-05,4.36232E-04,7.41342E-05,4.26145E-04,0.00000E+00,0.00000E+00,7.38685E-05,4.29327E-04,7.10693E-05,4.20491E-04,6.34586E-05,3.98963E-04,5.95892E-05,3.47663E-04,6.69570E-05,3.62685E-04,7.40006E-05,3.78151E-04,0.00000E+00,0.00000E+00,7.44036E-05,3.87633E-04,7.15781E-05,3.80167E-04,6.51650E-05,3.74458E-04,6.15579E-05,3.72973E-04,6.05938E-05,3.81690E-04,5.49144E-05,3.73554E-04,5.12049E-05,3.74417E-04,5.01971E-05,3.81960E-04,4.68880E-05,3.87680E-04,0.00000E+00,0.00000E+00,4.07212E-05,3.95285E-04,3.84808E-05,4.00988E-04,4.52440E-05,4.64299E-04,6.61802E-05,3.82773E-04,8.54884E-05,4.19835E-04,9.17781E-05,4.30588E-04,8.88759E-05,4.21452E-04,9.23269E-05,4.29272E-04,9.38839E-05,4.36661E-04,8.50936E-05,4.17389E-04,8.35591E-05,4.16160E-04,8.90248E-05,4.32873E-04,8.17197E-05,4.18698E-04,8.08331E-05,4.13466E-04,8.73414E-05,4.35894E-04,8.43087E-05,4.24823E-04,8.00253E-05,4.25282E-04,8.21893E-05,4.31674E-04,7.94543E-05,4.27167E-04,6.91773E-05,4.02491E-04,6.50273E-05,3.47869E-04,7.33599E-05,3.61062E-04,8.10654E-05,3.83505E-04,8.16224E-05,3.75499E-04,7.75160E-05,3.76038E-04,7.70002E-05,3.83418E-04,7.00130E-05,3.72722E-04,6.64820E-05,3.72016E-04,6.58284E-05,3.83696E-04,5.91652E-05,3.73197E-04,5.53622E-05,3.71736E-04,5.40192E-05,3.85514E-04,4.90077E-05,3.79915E-04,4.70823E-05,3.84543E-04,4.45879E-05,3.94532E-04,4.22919E-05,4.01008E-04,4.93338E-05,4.60233E-04,7.33789E-05,3.79372E-04,9.95294E-05,4.24327E-04,0.00000E+00,0.00000E+00,1.06203E-04,4.37907E-04,1.02650E-04,4.29177E-04,0.00000E+00,0.00000E+00,9.87448E-05,4.29716E-04,9.71452E-05,4.22884E-04,0.00000E+00,0.00000E+00,9.52058E-05,4.27861E-04,9.37582E-05,4.28821E-04,0.00000E+00,0.00000E+00,9.37467E-05,4.28406E-04,9.54332E-05,4.34457E-04,0.00000E+00,0.00000E+00,9.17559E-05,4.29852E-04,7.57764E-05,3.97893E-04,7.10370E-05,3.52143E-04,8.27230E-05,3.73069E-04,0.00000E+00,0.00000E+00,8.74987E-05,3.78876E-04,8.55811E-05,3.73955E-04,0.00000E+00,0.00000E+00,7.88977E-05,3.83831E-04,7.47392E-05,3.80508E-04,0.00000E+00,0.00000E+00,6.65262E-05,3.80202E-04,6.19763E-05,3.75594E-04,0.00000E+00,0.00000E+00,5.41837E-05,3.85574E-04,5.03759E-05,3.82473E-04,0.00000E+00,0.00000E+00,4.72844E-05,4.04860E-04,5.36526E-05,4.62987E-04,7.94178E-05,3.80881E-04,1.01727E-04,4.13704E-04,1.03869E-04,4.14800E-04,1.05919E-04,4.18897E-04,1.02618E-04,4.16491E-04,1.08180E-04,4.22620E-04,9.96376E-05,4.08931E-04,9.85237E-05,4.10615E-04,1.04092E-04,4.19495E-04,9.60448E-05,4.09903E-04,9.47943E-05,4.12675E-04,1.00501E-04,4.24804E-04,9.33757E-05,4.11705E-04,9.43298E-05,4.14131E-04,9.26441E-05,4.15895E-04,9.34470E-05,4.18427E-04,8.15299E-05,3.98615E-04,7.65661E-05,3.46532E-04,8.60003E-05,3.60116E-04,9.32147E-05,3.70107E-04,8.96283E-05,3.67425E-04,8.81158E-05,3.68223E-04,8.85780E-05,3.74207E-04,8.12474E-05,3.71466E-04,7.70029E-05,3.69640E-04,7.58210E-05,3.76468E-04,6.85266E-05,3.70305E-04,6.37431E-05,3.70852E-04,6.19929E-05,3.79382E-04,5.52505E-05,3.73978E-04,5.13346E-05,3.72423E-04,5.07308E-05,3.84904E-04,4.92298E-05,3.97744E-04,5.75895E-05,4.62496E-04,8.61512E-05,3.81484E-04,1.11104E-04,4.15337E-04,1.14412E-04,4.26583E-04,1.14860E-04,4.19837E-04,1.11984E-04,4.14562E-04,1.19091E-04,4.34540E-04,1.09094E-04,4.15672E-04,1.07507E-04,4.12102E-04,1.14578E-04,4.29785E-04,1.05157E-04,4.14180E-04,1.03008E-04,4.17432E-04,1.09758E-04,4.32697E-04,1.01545E-04,4.14398E-04,1.02264E-04,4.18416E-04,1.00709E-04,4.24664E-04,1.00578E-04,4.23394E-04,8.80348E-05,3.98950E-04,8.19723E-05,3.49094E-04,9.26106E-05,3.60133E-04,1.00502E-04,3.75074E-04,9.60593E-05,3.68957E-04,9.43714E-05,3.70520E-04,9.54814E-05,3.81244E-04,8.71756E-05,3.74786E-04,8.28193E-05,3.70937E-04,8.15740E-05,3.80205E-04,7.34628E-05,3.73426E-04,6.86863E-05,3.71788E-04,6.65756E-05,3.81952E-04,5.91078E-05,3.76435E-04,5.49465E-05,3.76438E-04,5.42660E-05,3.89078E-04,5.27508E-05,3.97148E-04,6.19449E-05,4.58790E-04,9.39720E-05,3.79727E-04,1.27297E-04,4.23329E-04,0.00000E+00,0.00000E+00,1.32672E-04,4.35832E-04,1.29202E-04,4.27486E-04,0.00000E+00,0.00000E+00,1.26149E-04,4.27554E-04,1.24318E-04,4.27439E-04,3.07312E-09,3.38378E-04,1.21301E-04,4.27876E-04,1.19317E-04,4.24096E-04,0.00000E+00,0.00000E+00,1.17288E-04,4.26750E-04,1.17424E-04,4.33444E-04,0.00000E+00,0.00000E+00,1.14420E-04,4.27386E-04,9.50769E-05,3.94922E-04,8.85875E-05,3.50161E-04,1.02207E-04,3.70876E-04,0.00000E+00,0.00000E+00,1.07297E-04,3.72772E-04,1.04983E-04,3.75615E-04,0.00000E+00,0.00000E+00,9.62461E-05,3.83430E-04,9.12476E-05,3.78064E-04,2.41733E-09,2.59816E-04,8.18412E-05,3.82501E-04,7.60897E-05,3.75655E-04,0.00000E+00,0.00000E+00,6.56254E-05,3.86701E-04,6.04208E-05,3.82172E-04,0.00000E+00,0.00000E+00,5.78096E-05,4.03087E-04,6.62380E-05,4.60016E-04,9.99521E-05,3.82548E-04,1.28462E-04,4.13308E-04,1.31425E-04,4.14599E-04,1.33219E-04,4.18120E-04,1.29154E-04,4.11211E-04,1.36421E-04,4.21258E-04,1.26170E-04,4.10044E-04,1.24411E-04,4.09185E-04,1.31991E-04,4.21354E-04,1.20925E-04,4.11469E-04,1.19261E-04,4.09288E-04,1.25725E-04,4.19198E-04,1.15895E-04,4.10762E-04,1.17350E-04,4.16230E-04,1.14616E-04,4.18911E-04,1.15553E-04,