seed = 1850519895;
pop = 1000;
Inactive_Cycles = 400;
Active_Cycles = 300;
Total_CPU_Time = 3.86474E+00;
Total_Transport_Time = 2.94691E+00;
Time_Per_Integration = 5.84630E-08;
Clock_Time = 2.96156E+00;
keff_keff = [ 1.00000E+00,4.63319E-10];
Adjoint_keff_Adjoint_keff = [ 1.00000E+00,4.63319E-10];
delta_keff_delta_keff = [ 3.75000E-03,4.68830E-12];
pert_keff_pert_keff = [ 1.00375E+00,9.96250E-01];
sensitivity_sensitivity = [ 3.75000E-01,1.59188E-09];

