seed = -1456495675;
pop = 1000;
Inactive_Cycles = 400;
Active_Cycles = 300;
Total_CPU_Time = 4.33990E+01;
Total_Transport_Time = 7.18249E+00;
Time_Per_Integration = 1.39939E-07;
Clock_Time = 7.45835E+00;
keff_keff = [ 1.00000E+00,4.63319E-10];
Adjoint_keff_Adjoint_keff = [ 1.00000E+00,4.63319E-10];
delta_keff_delta_keff = [ -1.72043E-03,1.38305E-11];
pert_keff_pert_keff = [ 9.98280E-01,1.00172E+00];
sensitivity_sensitivity = [ -1.72043E-01,4.34086E-10];

