seed = 690344368;
pop = 1000;
Inactive_Cycles = 400;
Active_Cycles = 300;
Total_CPU_Time = 2.37918E+01;
Total_Transport_Time = 6.21719E+00;
Time_Per_Integration = 1.23363E-07;
Clock_Time = 6.33139E+00;
keff_keff = [ 1.00000E+00,4.63319E-10];
Adjoint_keff_Adjoint_keff = [ 1.00000E+00,4.63319E-10];
delta_keff_delta_keff = [ 4.16667E-03,1.44831E-11];
pert_keff_pert_keff = [ 1.00417E+00,9.95833E-01];
sensitivity_sensitivity = [ 4.16667E-01,1.75831E-09];

