seed = 1131449008;
pop = 1000;
Inactive_Cycles = 400;
Active_Cycles = 300;
Total_CPU_Time = 3.82111E+00;
Total_Transport_Time = 2.90829E+00;
Time_Per_Integration = 5.77042E-08;
Clock_Time = 2.92211E+00;
keff_keff = [ 9.99169E-01,9.21225E-06];
Adjoint_keff_Adjoint_keff = [ 9.99169E-01,9.19426E-06];
delta_keff_delta_keff = [ 6.25415E-03,4.33124E-11];
pert_keff_pert_keff = [ 1.00542E+00,9.92915E-01];
sensitivity_sensitivity = [ 6.25935E-01,3.44272E-09];

