seed = -231870040;
pop = 1000;
Inactive_Cycles = 400;
Active_Cycles = 300;
Total_CPU_Time = 3.46362E+01;
Total_Transport_Time = 6.49883E+00;
Time_Per_Integration = 1.26653E-07;
Clock_Time = 6.78128E+00;
keff_keff = [ 1.00000E+00,4.63319E-10];
Adjoint_keff_Adjoint_keff = [ 1.00000E+00,4.63319E-10];
delta_keff_delta_keff = [ -1.72043E-03,8.90691E-12];
pert_keff_pert_keff = [ 9.98280E-01,8.90691E-12];
sensitivity_sensitivity = [ -1.72043E-01,8.13937E-10];

