seed = -1424444401;
pop = 1000;
Inactive_Cycles = 400;
Active_Cycles = 300;
Total_CPU_Time = 3.81395E+00;
Total_Transport_Time = 2.86484E+00;
Time_Per_Integration = 5.68332E-08;
Clock_Time = 2.87781E+00;
keff_keff = [ 1.00289E+00,2.28296E-06];
Adjoint_keff_Adjoint_keff = [ 1.00289E+00,2.74136E-06];
delta_keff_delta_keff = [ 2.88889E-03,1.88274E-11];
pert_keff_pert_keff = [ 1.00578E+00,1.00000E+00];
sensitivity_sensitivity = [ 2.88057E-01,8.85214E-10];

