seed = 413592224;
pop = 1000;
Inactive_Cycles = 400;
Active_Cycles = 300;
Total_CPU_Time = 3.80713E+00;
Total_Transport_Time = 2.93214E+00;
Time_Per_Integration = 5.81829E-08;
Clock_Time = 2.94592E+00;
keff_keff = [ 1.00373E+00,9.19041E-06];
Adjoint_keff_Adjoint_keff = [ 1.00373E+00,9.02709E-06];
delta_keff_delta_keff = [ 6.24991E-03,2.60298E-11];
pert_keff_pert_keff = [ 1.00998E+00,9.97481E-01];
sensitivity_sensitivity = [ 6.22667E-01,5.13745E-10];

