seed = -912529955;
pop = 1000;
Inactive_Cycles = 400;
Active_Cycles = 300;
Total_CPU_Time = 3.79699E+00;
Total_Transport_Time = 2.85018E+00;
Time_Per_Integration = 5.65473E-08;
Clock_Time = 2.86415E+00;
keff_keff = [ 1.00415E+00,1.15386E-05];
Adjoint_keff_Adjoint_keff = [ 1.00415E+00,1.16812E-05];
delta_keff_delta_keff = [ -4.22019E-03,2.61970E-11];
pert_keff_pert_keff = [ 9.99933E-01,1.00837E+00];
sensitivity_sensitivity = [ -4.20274E-01,2.60046E-09];

