seed = 824554453;
pop = 1000;
Inactive_Cycles = 400;
Active_Cycles = 300;
Total_CPU_Time = 3.75025E+00;
Total_Transport_Time = 2.85837E+00;
Time_Per_Integration = 5.67120E-08;
Clock_Time = 2.87095E+00;
keff_keff = [ 1.00000E+00,4.63319E-10];
Adjoint_keff_Adjoint_keff = [ 1.00000E+00,4.63319E-10];
delta_keff_delta_keff = [ 4.16667E-03,5.35315E-12];
pert_keff_pert_keff = [ 1.00417E+00,9.95833E-01];
sensitivity_sensitivity = [ 4.16667E-01,1.59207E-09];

