seed = -273165765;
pop = 1000;
Inactive_Cycles = 400;
Active_Cycles = 300;
Total_CPU_Time = 4.08840E+00;
Total_Transport_Time = 2.82689E+00;
Time_Per_Integration = 6.19395E-08;
Clock_Time = 2.83862E+00;
keff_keff = [ 1.00000E+00,4.63319E-10];

