seed = -1045576403;
pop = 1000;
Inactive_Cycles = 400;
Active_Cycles = 300;
Total_CPU_Time = 3.19399E+01;
Total_Transport_Time = 6.50660E+00;
Time_Per_Integration = 8.60826E-08;
Clock_Time = 6.64375E+00;
keff_keff = [ 6.52916E-01,2.10960E-06];
Adjoint_keff_Adjoint_keff = [ 6.52916E-01,6.56941E-06];
delta_keff_delta_keff = [ -8.98357E-05,2.16181E-13];
pert_keff_pert_keff = [ 6.52826E-01,6.53006E-01];
sensitivity_sensitivity = [ -1.37591E-02,1.64683E-11];

