seed = -2103768497;
pop = 1750;
Inactive_Cycles = 1000;
Active_Cycles = 2600;
Total_CPU_Time = 9.22669E+03;
Total_Transport_Time = 5.03542E+02;
Time_Per_Integration = 7.97020E-09;
Clock_Time = 9.91568E+02;
keff_keff = [ 1.18671E+00,1.49786E-04];
Adjoint_keff_Adjoint_keff = [ 1.18690E+00,4.28700E-05];
delta_keff_delta_keff = [ 2.03402E-05,1.22672E-07];
pert_keff_pert_keff = [ 1.18673E+00,1.18669E+00];
sensitivity_sensitivity = [ 1.71370E-03,1.03136E-05];
fissionRate_fissionRate = reshape([ 9.10679E-05,5.08826E-04,8.99584E-05,5.04686E-04,8.92925E-05,5.03544E-04,8.89015E-05,5.00825E-04,8.91699E-05,5.02842E-04,8.89841E-05,4.98026E-04,8.81758E-05,5.04859E-04,8.77831E-05,4.99998E-04,8.71441E-05,5.02424E-04,8.57803E-05,5.02531E-04,8.47445E-05,5.03987E-04,8.38161E-05,4.96910E-04,8.20300E-05,5.03067E-04,8.06450E-05,5.03440E-04,7.99221E-05,5.03258E-04,8.12356E-05,5.00448E-04,8.73173E-05,4.95802E-04,7.63078E-05,4.45223E-04,8.01886E-05,4.46947E-04,8.12939E-05,4.38329E-04,8.05587E-05,4.36184E-04,7.93716E-05,4.39426E-04,7.72672E-05,4.35653E-04,7.36630E-05,4.38403E-04,7.01804E-05,4.37357E-04,6.69251E-05,4.40135E-04,6.23771E-05,4.40045E-04,5.84462E-05,4.40837E-04,5.45351E-05,4.37584E-04,5.01082E-05,4.41899E-04,4.57206E-05,4.37983E-04,4.21114E-05,4.40328E-04,4.06563E-05,4.39929E-04,4.36919E-05,4.54820E-04,6.23290E-05,4.07636E-04,7.86749E-05,4.49873E-04,7.72287E-05,4.45810E-04,7.81248E-05,4.47376E-04,7.98241E-05,4.46959E-04,8.33432E-05,4.50116E-04,7.83744E-05,4.49963E-04,7.74001E-05,4.48177E-04,8.07749E-05,4.53332E-04,7.61431E-05,4.48369E-04,7.50023E-05,4.49151E-04,7.82951E-05,4.50984E-04,7.35639E-05,4.48645E-04,7.08161E-05,4.44193E-04,6.94718E-05,4.49792E-04,7.28606E-05,4.57090E-04,6.38288E-05,4.14632E-04,5.94940E-05,3.66533E-04,6.47789E-05,3.69380E-04,6.67709E-05,3.72932E-04,6.78031E-05,3.73988E-04,6.76468E-05,3.79393E-04,6.74615E-05,3.86699E-04,6.28073E-05,3.81220E-04,5.96884E-05,3.81471E-04,5.81118E-05,3.85358E-04,5.33386E-05,3.80695E-04,4.97429E-05,3.81826E-04,4.79438E-05,3.85548E-04,4.30638E-05,3.82969E-04,3.89876E-05,3.81031E-04,3.58815E-05,3.83322E-04,3.53882E-05,3.93189E-04,4.06794E-05,4.38471E-04,5.72916E-05,3.70280E-04,7.15358E-05,4.02868E-04,7.23778E-05,4.04401E-04,7.79433E-05,4.17949E-04,7.84217E-05,4.17554E-04,0.00000E+00,0.00000E+00,7.38415E-05,4.16639E-04,7.26921E-05,4.11323E-04,0.00000E+00,0.00000E+00,7.12594E-05,4.14289E-04,7.07901E-05,4.17367E-04,0.00000E+00,0.00000E+00,7.23405E-05,4.17293E-04,7.01320E-05,4.16441E-04,6.50104E-05,4.08774E-04,6.69008E-05,4.08446E-04,6.05660E-05,3.89345E-04,5.67831E-05,3.36462E-04,6.30259E-05,3.44879E-04,6.70502E-05,3.55332E-04,7.08599E-05,3.67353E-04,7.07780E-05,3.69271E-04,0.00000E+00,0.00000E+00,6.45114E-05,3.71483E-04,6.13418E-05,3.65591E-04,0.00000E+00,0.00000E+00,5.44955E-05,3.72104E-04,5.11119E-05,3.67182E-04,0.00000E+00,0.00000E+00,4.50625E-05,3.76602E-04,4.13109E-05,3.74320E-04,3.68731E-05,3.70658E-04,3.61131E-05,3.78113E-04,4.22830E-05,4.38418E-04,6.01723E-05,3.64131E-04,7.65332E-05,3.98709E-04,8.23338E-05,4.09174E-04,0.00000E+00,0.00000E+00,8.14071E-05,4.11246E-04,8.76523E-05,4.20278E-04,7.92074E-05,4.00627E-04,7.75533E-05,4.02542E-04,8.20923E-05,4.16300E-04,7.62246E-05,4.00147E-04,7.54626E-05,4.02203E-04,8.17091E-05,4.18922E-04,7.43512E-05,4.10265E-04,0.00000E+00,0.00000E+00,7.40466E-05,4.10763E-04,7.13439E-05,4.02816E-04,6.37736E-05,3.85808E-04,5.97699E-05,3.30741E-04,6.71722E-05,3.41675E-04,7.43347E-05,3.60066E-04,0.00000E+00,0.00000E+00,7.48298E-05,3.66603E-04,7.15742E-05,3.62576E-04,6.52885E-05,3.54036E-04,6.21558E-05,3.54591E-04,6.12218E-05,3.62085E-04,5.55383E-05,3.57015E-04,5.17348E-05,3.56465E-04,5.07652E-05,3.63771E-04,4.75490E-05,3.69194E-04,0.00000E+00,0.00000E+00,4.11836E-05,3.74828E-04,3.90268E-05,3.77309E-04,4.58287E-05,4.39687E-04,6.63454E-05,3.65592E-04,8.57349E-05,4.05017E-04,9.18653E-05,4.18240E-04,8.91423E-05,4.09048E-04,9.28799E-05,4.08954E-04,9.41642E-05,4.19875E-04,8.50593E-05,4.00831E-04,8.37672E-05,3.99904E-04,8.90985E-05,4.15585E-04,8.19428E-05,3.99801E-04,8.11665E-05,3.98973E-04,8.74733E-05,4.23255E-04,8.46865E-05,4.11413E-04,8.05063E-05,4.07831E-04,8.24843E-05,4.17570E-04,7.99006E-05,4.04457E-04,6.93771E-05,3.85454E-04,6.51981E-05,3.25697E-04,7.37844E-05,3.41207E-04,8.16596E-05,3.60935E-04,8.20808E-05,3.59803E-04,7.80820E-05,3.54278E-04,7.70540E-05,3.66537E-04,7.05404E-05,3.57141E-04,6.66874E-05,3.53426E-04,6.59035E-05,3.65474E-04,5.99472E-05,3.54968E-04,5.60688E-05,3.54387E-04,5.46891E-05,3.65877E-04,4.95014E-05,3.61029E-04,4.74209E-05,3.68433E-04,4.49883E-05,3.79906E-04,4.27508E-05,3.83338E-04,4.98484E-05,4.36133E-04,7.34837E-05,3.62560E-04,9.93903E-05,4.13699E-04,0.00000E+00,0.00000E+00,1.06575E-04,4.18760E-04,1.02583E-04,4.08810E-04,0.00000E+00,0.00000E+00,9.89223E-05,4.12146E-04,9.72760E-05,4.11465E-04,0.00000E+00,0.00000E+00,9.54353E-05,4.12951E-04,9.40181E-05,4.12090E-04,0.00000E+00,0.00000E+00,9.40365E-05,4.14241E-04,9.52503E-05,4.18459E-04,0.00000E+00,0.00000E+00,9.19472E-05,4.12532E-04,7.62812E-05,3.82875E-04,7.14924E-05,3.28274E-04,8.28733E-05,3.51543E-04,0.00000E+00,0.00000E+00,8.80377E-05,3.59055E-04,8.56591E-05,3.56148E-04,0.00000E+00,0.00000E+00,7.91696E-05,3.58800E-04,7.48972E-05,3.59160E-04,0.00000E+00,0.00000E+00,6.69755E-05,3.65649E-04,6.23059E-05,3.60903E-04,0.00000E+00,0.00000E+00,5.46597E-05,3.66861E-04,5.07472E-05,3.62305E-04,0.00000E+00,0.00000E+00,4.76805E-05,3.84621E-04,5.44750E-05,4.37048E-04,7.92358E-05,3.62611E-04,1.02103E-04,3.97467E-04,1.04503E-04,3.98197E-04,1.06021E-04,4.01422E-04,1.02367E-04,3.95375E-04,1.07553E-04,4.04175E-04,9.97752E-05,3.94768E-04,9.87454E-05,3.95716E-04,1.03805E-04,4.06349E-04,9.63582E-05,3.93140E-04,9.55375E-05,3.92013E-04,1.00671E-04,4.05718E-04,9.35442E-05,3.90502E-04,9.49776E-05,3.98250E-04,9.28739E-05,4.01295E-04,9.38496E-05,4.02794E-04,8.20591E-05,3.82050E-04,7.67376E-05,3.26924E-04,8.64777E-05,3.39001E-04,9.36400E-05,3.50765E-04,9.00646E-05,3.49669E-04,8.80811E-05,3.50568E-04,8.84416E-05,3.55592E-04,8.14438E-05,3.49758E-04,7.76179E-05,3.48215E-04,7.63364E-05,3.56907E-04,6.93295E-05,3.52032E-04,6.44047E-05,3.50603E-04,6.27159E-05,3.57421E-04,5.59675E-05,3.53768E-04,5.18917E-05,3.55931E-04,5.11165E-05,3.67807E-04,4.96222E-05,3.78947E-04,5.79489E-05,4.37526E-04,8.62969E-05,3.62504E-04,1.11530E-04,3.96375E-04,1.14757E-04,4.09707E-04,1.14838E-04,4.02426E-04,1.11555E-04,3.98055E-04,1.18417E-04,4.15301E-04,1.09203E-04,3.97712E-04,1.07459E-04,3.97506E-04,1.14527E-04,4.13417E-04,1.05528E-04,3.94902E-04,1.03623E-04,3.94677E-04,1.10549E-04,4.10295E-04,1.01631E-04,3.97689E-04,1.02396E-04,4.02906E-04,1.01038E-04,4.11004E-04,1.01276E-04,4.05548E-04,8.86804E-05,3.78974E-04,8.23127E-05,3.26155E-04,9.29866E-05,3.38950E-04,1.00561E-04,3.57546E-04,9.68450E-05,3.50487E-04,9.45237E-05,3.46956E-04,9.51599E-05,3.60189E-04,8.79989E-05,3.49061E-04,8.32773E-05,3.52197E-04,8.22249E-05,3.61254E-04,7.40669E-05,3.51589E-04,6.92315E-05,3.53162E-04,6.71895E-05,3.63331E-04,5.97959E-05,3.54534E-04,5.54069E-05,3.55348E-04,5.46177E-05,3.70649E-04,5.33174E-05,3.82870E-04,6.23279E-05,4.38000E-04,9.40310E-05,3.60746E-04,1.26875E-04,4.10928E-04,0.00000E+00,0.00000E+00,1.32007E-04,4.21356E-04,1.28917E-04,4.09255E-04,0.00000E+00,0.00000E+00,1.25869E-04,4.10549E-04,1.23551E-04,4.09057E-04,3.05902E-09,1.48567E-04,1.20756E-04,4.08552E-04,1.18989E-04,4.09009E-04,0.00000E+00,0.00000E+00,1.17065E-04,4.11829E-04,1.17573E-04,4.15809E-04,0.00000E+00,0.00000E+00,1.15160E-04,4.12651E-04,9.52804E-05,3.79794E-04,8.91321E-05,3.26819E-04,1.03490E-04,3.46576E-04,0.00000E+00,0.00000E+00,1.07371E-04,3.56668E-04,1.05020E-04,3.54434E-04,0.00000E+00,0.00000E+00,9.72691E-05,3.60161E-04,9.25573E-05,3.56523E-04,2.42217E-09,1.01494E-04,8.19867E-05,3.60960E-04,7.62832E-05,3.56591E-04,0.00000E+00,0.00000E+00,6.60631E-05,3.65375E-04,6.09412E-05,3.60275E-04,0.00000E+00,0.00000E+00,5.82326E-05,3.82247E-04,6.66893E-05,4.41581E-04,1.00262E-04,3.60288E-04,1.29165E-04,3.98480E-04,1.31592E-04,3.99905E-04,1.32872E-04,4.03231E-04,1.29294E-04,3.96523E-04,1.35750E-04,4.06576E-04,1.25307E-04,