seed = 906954641;
pop = 1750;
Inactive_Cycles = 1000;
Active_Cycles = 2600;
Total_CPU_Time = 5.12155E+03;
Total_Transport_Time = 5.15317E+02;
Time_Per_Integration = 8.15634E-09;
Clock_Time = 5.70926E+02;
keff_keff = [ 1.18705E+00,1.42764E-04];
Adjoint_keff_Adjoint_keff = [ 1.18654E+00,4.53728E-05];
delta_keff_delta_keff = [ -2.23507E-05,9.65657E-08];
pert_keff_pert_keff = [ 1.18703E+00,1.18707E+00];
sensitivity_sensitivity = [ -1.88283E-03,8.12606E-06];
fissionRate_fissionRate = reshape([ 9.13179E-05,5.04273E-04,8.99666E-05,5.07979E-04,8.92936E-05,5.06405E-04,8.93523E-05,5.01934E-04,8.99190E-05,4.99843E-04,8.94630E-05,5.03233E-04,8.85252E-05,5.05317E-04,8.78669E-05,5.05289E-04,8.74503E-05,5.02938E-04,8.58004E-05,4.98798E-04,8.47312E-05,5.04869E-04,8.38369E-05,5.00155E-04,8.27140E-05,5.05241E-04,8.12332E-05,5.05481E-04,8.03247E-05,5.04658E-04,8.16187E-05,5.02250E-04,8.77904E-05,4.90607E-04,7.64769E-05,4.48753E-04,8.04067E-05,4.40681E-04,8.15406E-05,4.39122E-04,8.11193E-05,4.40972E-04,7.97129E-05,4.35858E-04,7.73955E-05,4.36278E-04,7.39239E-05,4.37307E-04,7.04075E-05,4.35377E-04,6.68776E-05,4.39647E-04,6.29710E-05,4.41341E-04,5.90047E-05,4.39724E-04,5.48005E-05,4.42743E-04,5.03611E-05,4.37822E-04,4.58857E-05,4.39722E-04,4.25386E-05,4.36580E-04,4.07693E-05,4.37219E-04,4.37352E-05,4.53875E-04,6.23315E-05,4.10157E-04,7.88072E-05,4.47100E-04,7.73402E-05,4.50447E-04,7.83179E-05,4.47004E-04,8.00610E-05,4.46713E-04,8.37932E-05,4.51238E-04,7.85054E-05,4.52561E-04,7.74930E-05,4.48953E-04,8.12232E-05,4.54818E-04,7.62369E-05,4.47750E-04,7.51316E-05,4.49160E-04,7.87448E-05,4.49323E-04,7.40087E-05,4.51332E-04,7.12910E-05,4.42863E-04,6.98364E-05,4.49294E-04,7.28338E-05,4.54795E-04,6.39937E-05,4.15024E-04,5.95747E-05,3.69941E-04,6.47731E-05,3.74098E-04,6.73767E-05,3.72989E-04,6.79740E-05,3.73369E-04,6.77126E-05,3.75026E-04,6.78303E-05,3.83035E-04,6.30409E-05,3.78411E-04,5.98330E-05,3.79260E-04,5.88434E-05,3.82021E-04,5.35474E-05,3.77122E-04,4.99819E-05,3.77028E-04,4.82021E-05,3.84684E-04,4.30032E-05,3.82849E-04,3.90951E-05,3.80824E-04,3.60353E-05,3.84611E-04,3.53452E-05,3.92162E-04,4.07272E-05,4.37954E-04,5.74429E-05,3.73412E-04,7.17801E-05,4.02702E-04,7.23924E-05,4.04410E-04,7.80926E-05,4.20125E-04,7.90612E-05,4.20624E-04,0.00000E+00,0.00000E+00,7.44294E-05,4.14251E-04,7.30592E-05,4.12460E-04,0.00000E+00,0.00000E+00,7.15439E-05,4.12266E-04,7.10814E-05,4.11817E-04,0.00000E+00,0.00000E+00,7.26643E-05,4.20060E-04,7.05570E-05,4.14542E-04,6.56954E-05,4.03990E-04,6.71644E-05,4.10131E-04,6.04298E-05,3.93472E-04,5.68621E-05,3.38364E-04,6.32169E-05,3.46473E-04,6.69461E-05,3.55653E-04,7.09578E-05,3.69416E-04,7.06981E-05,3.68765E-04,0.00000E+00,0.00000E+00,6.49254E-05,3.71968E-04,6.15510E-05,3.64858E-04,0.00000E+00,0.00000E+00,5.49530E-05,3.70098E-04,5.12706E-05,3.68132E-04,0.00000E+00,0.00000E+00,4.52586E-05,3.76309E-04,4.12086E-05,3.75093E-04,3.69461E-05,3.72230E-04,3.60513E-05,3.83709E-04,4.22120E-05,4.38662E-04,6.07488E-05,3.63800E-04,7.64475E-05,3.95846E-04,8.23708E-05,4.14058E-04,0.00000E+00,0.00000E+00,8.21215E-05,4.12771E-04,8.81184E-05,4.20831E-04,7.93214E-05,4.02996E-04,7.81405E-05,4.00184E-04,8.26198E-05,4.13117E-04,7.64783E-05,3.99208E-04,7.62263E-05,4.00478E-04,8.17929E-05,4.20926E-04,7.49383E-05,4.10266E-04,0.00000E+00,0.00000E+00,7.43369E-05,4.13607E-04,7.18809E-05,4.06256E-04,6.39130E-05,3.83728E-04,6.00611E-05,3.28655E-04,6.75650E-05,3.37862E-04,7.47186E-05,3.56293E-04,0.00000E+00,0.00000E+00,7.50370E-05,3.65508E-04,7.21725E-05,3.62279E-04,6.56552E-05,3.56562E-04,6.24499E-05,3.54644E-04,6.15173E-05,3.63110E-04,5.57026E-05,3.56184E-04,5.19231E-05,3.54179E-04,5.09703E-05,3.64141E-04,4.76057E-05,3.68167E-04,0.00000E+00,0.00000E+00,4.11622E-05,3.76699E-04,3.89182E-05,3.84328E-04,4.57757E-05,4.41851E-04,6.67052E-05,3.61403E-04,8.63759E-05,4.02759E-04,9.19716E-05,4.17696E-04,8.91168E-05,4.08484E-04,9.31646E-05,4.06661E-04,9.45751E-05,4.19324E-04,8.52279E-05,4.00329E-04,8.40511E-05,3.95955E-04,8.91225E-05,4.16998E-04,8.21395E-05,3.99223E-04,8.14799E-05,3.98382E-04,8.79528E-05,4.18684E-04,8.47856E-05,4.07340E-04,8.06167E-05,4.08940E-04,8.27521E-05,4.18436E-04,8.01645E-05,4.08859E-04,7.00012E-05,3.82788E-04,6.54986E-05,3.28284E-04,7.41607E-05,3.43600E-04,8.14886E-05,3.61098E-04,8.19790E-05,3.60723E-04,7.78027E-05,3.54344E-04,7.73207E-05,3.63896E-04,7.10720E-05,3.54502E-04,6.72402E-05,3.53661E-04,6.66945E-05,3.64746E-04,6.01120E-05,3.56159E-04,5.62301E-05,3.53953E-04,5.45487E-05,3.64632E-04,4.96206E-05,3.62502E-04,4.76368E-05,3.63526E-04,4.50414E-05,3.77943E-04,4.29274E-05,3.79915E-04,5.00196E-05,4.42998E-04,7.35892E-05,3.61197E-04,9.93737E-05,4.09597E-04,0.00000E+00,0.00000E+00,1.06753E-04,4.20298E-04,1.02952E-04,4.11453E-04,0.00000E+00,0.00000E+00,9.91204E-05,4.10284E-04,9.73479E-05,4.10133E-04,0.00000E+00,0.00000E+00,9.52724E-05,4.09299E-04,9.45452E-05,4.07261E-04,0.00000E+00,0.00000E+00,9.41586E-05,4.11253E-04,9.60026E-05,4.17664E-04,0.00000E+00,0.00000E+00,9.22549E-05,4.17285E-04,7.66622E-05,3.81829E-04,7.16587E-05,3.24162E-04,8.28840E-05,3.53270E-04,0.00000E+00,0.00000E+00,8.81942E-05,3.55869E-04,8.63730E-05,3.53983E-04,0.00000E+00,0.00000E+00,7.95272E-05,3.61666E-04,7.56552E-05,3.56776E-04,0.00000E+00,0.00000E+00,6.73904E-05,3.61463E-04,6.29791E-05,3.58956E-04,0.00000E+00,0.00000E+00,5.48576E-05,3.66014E-04,5.08391E-05,3.65338E-04,0.00000E+00,0.00000E+00,4.80576E-05,3.84926E-04,5.45338E-05,4.37009E-04,7.98244E-05,3.61035E-04,1.02436E-04,3.97349E-04,1.03692E-04,4.00386E-04,1.06029E-04,4.00917E-04,1.03384E-04,3.97149E-04,1.08474E-04,4.08069E-04,1.00343E-04,3.93220E-04,9.93139E-05,3.89724E-04,1.04367E-04,4.03086E-04,9.67648E-05,3.91107E-04,9.56475E-05,3.93516E-04,1.00811E-04,4.06364E-04,9.38599E-05,3.94742E-04,9.49667E-05,3.99878E-04,9.32915E-05,4.01276E-04,9.41178E-05,4.04171E-04,8.24431E-05,3.83461E-04,7.69303E-05,3.24474E-04,8.66000E-05,3.37272E-04,9.35016E-05,3.49695E-04,9.04448E-05,3.48032E-04,8.85849E-05,3.47798E-04,8.88075E-05,3.56477E-04,8.21504E-05,3.51153E-04,7.82011E-05,3.51919E-04,7.68376E-05,3.53765E-04,6.94390E-05,3.51617E-04,6.48404E-05,3.49214E-04,6.28265E-05,3.56726E-04,5.59530E-05,3.54631E-04,5.20990E-05,3.54614E-04,5.11522E-05,3.67852E-04,4.97198E-05,3.81614E-04,5.85536E-05,4.36087E-04,8.60801E-05,3.63535E-04,1.11565E-04,3.99196E-04,1.14430E-04,4.09423E-04,1.15374E-04,4.01432E-04,1.12229E-04,3.99809E-04,1.18949E-04,4.18615E-04,1.09282E-04,3.97118E-04,1.08093E-04,3.96502E-04,1.15054E-04,4.13711E-04,1.05461E-04,3.97370E-04,1.04084E-04,3.97902E-04,1.10855E-04,4.12032E-04,1.02110E-04,3.95256E-04,1.02463E-04,4.01316E-04,1.02074E-04,4.12335E-04,1.01648E-04,4.06541E-04,8.85614E-05,3.81347E-04,8.28142E-05,3.25649E-04,9.29248E-05,3.39758E-04,1.00776E-04,3.54910E-04,9.72028E-05,3.50708E-04,9.49599E-05,3.49867E-04,9.51162E-05,3.60735E-04,8.84746E-05,3.48101E-04,8.36668E-05,3.51731E-04,8.23157E-05,3.60911E-04,7.43235E-05,3.52163E-04,6.93263E-05,3.53214E-04,6.73575E-05,3.59882E-04,6.00469E-05,3.55626E-04,5.55444E-05,3.55616E-04,5.49689E-05,3.71812E-04,5.33420E-05,3.81140E-04,6.25086E-05,4.40584E-04,9.42603E-05,3.61115E-04,1.27896E-04,4.05053E-04,0.00000E+00,0.00000E+00,1.32813E-04,4.18227E-04,1.29623E-04,4.10617E-04,0.00000E+00,0.00000E+00,1.25535E-04,4.10893E-04,1.23830E-04,4.10838E-04,3.07056E-09,1.48562E-04,1.21743E-04,4.08390E-04,1.19742E-04,4.07886E-04,0.00000E+00,0.00000E+00,1.17300E-04,4.11607E-04,1.18047E-04,4.14752E-04,0.00000E+00,0.00000E+00,1.15371E-04,4.12729E-04,9.59663E-05,3.78336E-04,8.89552E-05,3.28027E-04,1.03273E-04,3.48991E-04,0.00000E+00,0.00000E+00,1.07131E-04,3.56058E-04,1.04808E-04,3.55407E-04,0.00000E+00,0.00000E+00,9.74513E-05,3.61779E-04,9.23809E-05,3.55539E-04,2.42675E-09,1.00581E-04,8.25489E-05,3.62674E-04,7.66936E-05,3.58037E-04,0.00000E+00,0.00000E+00,6.59956E-05,3.66537E-04,6.11838E-05,3.60559E-04,0.00000E+00,0.00000E+00,5.84892E-05,3.83603E-04,6.68189E-05,4.41816E-04,1.01067E-04,3.59430E-04,1.29608E-04,3.96788E-04,1.32072E-04,4.00470E-04,1.33466E-04,4.00543E-04,1.29683E-04,3.93845E-04,1.36767E-04,4.04821E-04,1.26638E-04,