seed = 2586772;
pop = 8000;
Inactive_Cycles = 1500;
Active_Cycles = 1000;
Total_CPU_Time = 1.15701E+05;
Total_Transport_Time = 2.96502E+03;
Time_Per_Integration = 2.20585E-08;
Clock_Time = 2.96671E+03;
keff_keff = [ 9.99704E-01,1.21195E-04];

