seed = -1602700457;
pop = 1000;
Inactive_Cycles = 1000;
Active_Cycles = 1000;
Total_CPU_Time = 3.68957E+03;
Total_Transport_Time = 9.39409E+01;
Time_Per_Integration = 7.20359E-07;
Clock_Time = 9.44994E+01;
keff_keff = [ 1.63145E+00,5.73546E-09];

