seed = -589089879;
pop = 3000;
Inactive_Cycles = 800;
Active_Cycles = 1000;
Total_CPU_Time = 1.83768E+04;
Total_Transport_Time = 1.83765E+03;
Time_Per_Integration = 1.79401E-07;
Clock_Time = 1.83782E+03;
keff_keff = [ 1.00019E+00,2.79635E-05];

