keff_keff = [ 1.63168E+00,2.14840E-05];

