seed = -1622968844;
pop = 1000;
Inactive_Cycles = 400;
Active_Cycles = 100;
Total_CPU_Time = 3.24376E+01;
Total_Transport_Time = 5.19895E+00;
Time_Per_Integration = 1.41804E-07;
Clock_Time = 5.40306E+00;
keff_keff = [ 1.63144E+00,2.34263E-05];
Adjoint_keff_Adjoint_keff = [ 1.63145E+00,2.62724E-05];
delta_keff_delta_keff = [ -5.14794E-03,1.43238E-09];
pert_keff_pert_keff = [ 1.62630E+00,1.63659E+00];
sensitivity_sensitivity = [ -3.15545E-01,4.57042E-08];

