seed = -1658807898;
pop = 1000;
Inactive_Cycles = 400;
Active_Cycles = 100;
Total_CPU_Time = 3.07793E+01;
Total_Transport_Time = 5.14296E+00;
Time_Per_Integration = 1.40279E-07;
Clock_Time = 5.32012E+00;
keff_keff = [ 1.63173E+00,2.08622E-05];
Adjoint_keff_Adjoint_keff = [ 1.63173E+00,1.31536E-05];
delta_keff_delta_keff = [ 1.36098E-03,2.03563E-10];
pert_keff_pert_keff = [ 1.63310E+00,1.63037E+00];
sensitivity_sensitivity = [ 8.34072E-02,1.22645E-09];

