keff_keff = [ 1.63664E+00,1.83533E-05];

