seed = -1388530905;
pop = 1000;
Inactive_Cycles = 400;
Active_Cycles = 100;
Total_CPU_Time = 4.09344E+00;
Total_Transport_Time = 2.88465E+00;
Time_Per_Integration = 7.86911E-08;
Clock_Time = 2.89414E+00;
keff_keff = [ 1.63144E+00,1.03221E-05];
Adjoint_keff_Adjoint_keff = [ 1.63144E+00,1.75958E-05];
delta_keff_delta_keff = [ 0.00000E+00,0.00000E+00];
pert_keff_pert_keff = [ 1.63144E+00,1.63144E+00];
sensitivity_sensitivity = [ 0.00000E+00,0.00000E+00];

