keff_keff = [ 1.63692E+00,1.35781E-05];

