seed = -1461819119;
pop = 1000;
Inactive_Cycles = 400;
Active_Cycles = 100;
Total_CPU_Time = 2.78868E+01;
Total_Transport_Time = 5.14382E+00;
Time_Per_Integration = 1.40325E-07;
Clock_Time = 5.28308E+00;
keff_keff = [ 1.62572E+00,8.48639E-06];
Adjoint_keff_Adjoint_keff = [ 1.62573E+00,9.76881E-06];
delta_keff_delta_keff = [ -5.68173E-03,1.39614E-09];
pert_keff_pert_keff = [ 1.62004E+00,1.63140E+00];
sensitivity_sensitivity = [ -3.49490E-01,4.16287E-08];

