seed = -1907337703;
pop = 1000;
Inactive_Cycles = 400;
Active_Cycles = 100;
Total_CPU_Time = 3.10840E+01;
Total_Transport_Time = 5.01442E+00;
Time_Per_Integration = 1.36745E-07;
Clock_Time = 5.16167E+00;
keff_keff = [ 1.64692E+00,2.46095E-05];
Adjoint_keff_Adjoint_keff = [ 1.64692E+00,2.46984E-05];
delta_keff_delta_keff = [ 2.71234E-02,5.96752E-09];
pert_keff_pert_keff = [ 1.67404E+00,1.61980E+00];
sensitivity_sensitivity = [ 1.64692E+00,1.80556E-07];

