keff_keff = [ 1.62572E+00,8.48639E-06];

