seed = -1249785338;
pop = 1000;
Inactive_Cycles = 400;
Active_Cycles = 100;
Total_CPU_Time = 2.92283E+01;
Total_Transport_Time = 5.01839E+00;
Time_Per_Integration = 1.36862E-07;
Clock_Time = 5.21256E+00;
keff_keff = [ 1.63145E+00,2.44914E-05];
Adjoint_keff_Adjoint_keff = [ 1.63145E+00,2.20269E-05];
delta_keff_delta_keff = [ -5.16476E-04,3.76252E-11];
pert_keff_pert_keff = [ 1.63093E+00,3.76252E-11];
sensitivity_sensitivity = [ -1.94046E-02,2.31272E-09];

