seed = 1511273106;
pop = 1000;
Inactive_Cycles = 400;
Active_Cycles = 300;
Total_CPU_Time = 4.48583E+01;
Total_Transport_Time = 7.59911E+00;
Time_Per_Integration = 1.48086E-07;
Clock_Time = 7.86557E+00;
sensitivity = -5.16327E-03;
keff_keff = [ 1.62624E+00,1.63037E-05];
Adjoint_keff_Adjoint_keff = [ 1.62625E+00,8.23902E-06];

