keff_keff = [ 1.63173E+00,2.08622E-05];

