seed = -871558854;
pop = 1000;
Inactive_Cycles = 400;
Active_Cycles = 100;
Total_CPU_Time = 3.48303E+01;
Total_Transport_Time = 5.51074E+00;
Time_Per_Integration = 1.50338E-07;
Clock_Time = 5.72699E+00;
keff_keff = [ 1.63145E+00,2.38116E-05];
Adjoint_keff_Adjoint_keff = [ 1.63145E+00,3.05152E-05];
delta_keff_delta_keff = [ 2.66161E-02,7.05328E-09];
pert_keff_pert_keff = [ 1.65806E+00,1.60483E+00];
sensitivity_sensitivity = [ 1.63145E+00,2.16630E-07];

