
keff_keff = [ 1.63092E+00,1.96050E-05];



