seed = -1276664587;
pop = 1000;
Inactive_Cycles = 400;
Active_Cycles = 100;
Total_CPU_Time = 4.17934E+00;
Total_Transport_Time = 2.88665E+00;
Time_Per_Integration = 7.87320E-08;
Clock_Time = 2.89722E+00;
keff_keff = [ 1.63145E+00,1.79731E-05];
Adjoint_keff_Adjoint_keff = [ 1.63145E+00,1.42443E-05];
delta_keff_delta_keff = [ 5.22261E-03,7.21400E-10];
pert_keff_pert_keff = [ 1.63667E+00,1.62622E+00];
sensitivity_sensitivity = [ 3.20122E-01,8.61372E-08];

